-5.639521e+01 3.546367e+00 9.558869e-01 -5.380473e+01
5.017234e+01 3.546367e+00 -3.752826e-01 5.409399e+01
7.489452e-01 3.546367e+00 9.558869e-01 3.339425e+00
1.086709e+02 3.546367e+00 9.558869e-01 1.112614e+02
6.377936e+02 3.546367e+00 -3.752826e-01 6.417153e+02
-4.976963e+02 3.546367e+00 -3.752826e-01 -4.937746e+02
4.875282e+01 3.546367e+00 1.434480e+00 5.086471e+01
-1.627746e+00 3.546367e+00 9.558869e-01 9.627346e-01
4.477052e+02 3.546367e+00 1.434480e+00 4.498171e+02
2.119220e-01 3.546367e+00 9.558869e-01 2.802402e+00
-1.311432e+00 3.546367e+00 9.558869e-01 1.279048e+00
6.440658e+02 3.546367e+00 -3.752826e-01 6.479874e+02
7.766935e+01 3.546367e+00 -3.752826e-01 8.159100e+01
-1.657436e+02 3.546367e+00 1.033104e-01 -1.623006e+02
2.448881e+02 3.546367e+00 -3.752826e-01 2.488098e+02
4.160771e+02 3.546367e+00 -3.752826e-01 4.199987e+02
2.014699e+00 3.546367e+00 9.558869e-01 4.605179e+00
1.196135e-01 3.546367e+00 1.033104e-01 3.562670e+00
2.607510e+00 3.546367e+00 9.558869e-01 5.197990e+00
-2.335853e+01 0.000000e+00 -3.490078e+01 1.154225e+01
1.684842e+02 3.546367e+00 9.558869e-01 1.710746e+02
2.774291e+01 0.000000e+00 -3.490078e+01 6.264369e+01
-2.985028e-01 0.000000e+00 -3.490078e+01 3.460228e+01
6.506171e+01 0.000000e+00 -3.623195e+01 1.012937e+02
1.991427e+02 0.000000e+00 -3.490078e+01 2.340435e+02
-3.645610e+01 0.000000e+00 -3.490078e+01 -1.555321e+00
6.081720e+01 0.000000e+00 -3.490078e+01 9.571798e+01
4.353867e+01 0.000000e+00 -3.623195e+01 7.977062e+01
2.924419e+01 0.000000e+00 -3.490078e+01 6.414497e+01
-1.215190e+02 0.000000e+00 -3.490078e+01 -8.661818e+01
4.472840e+01 0.000000e+00 -3.623195e+01 8.096035e+01
-1.480277e+02 0.000000e+00 -3.623195e+01 -1.117958e+02
-6.677969e+01 0.000000e+00 -3.623195e+01 -3.054774e+01
3.658626e+01 0.000000e+00 -3.623195e+01 7.281821e+01
9.997367e+01 0.000000e+00 -3.623195e+01 1.362056e+02
-1.196164e+02 0.000000e+00 -2.803420e+01 -9.158223e+01
-7.932873e+01 0.000000e+00 -2.936537e+01 -4.996335e+01
9.683079e+01 0.000000e+00 -2.803420e+01 1.248650e+02
-1.131222e+02 0.000000e+00 -2.803420e+01 -8.508803e+01
4.901408e+01 0.000000e+00 -2.936537e+01 7.837945e+01
-9.741825e+01 0.000000e+00 -2.936537e+01 -6.805288e+01
1.140963e+02 0.000000e+00 -2.755561e+01 1.416519e+02
-1.102223e+02 0.000000e+00 -2.803420e+01 -8.218806e+01
-3.571976e+01 0.000000e+00 -2.755561e+01 -8.164147e+00
-6.098965e+01 0.000000e+00 -2.803420e+01 -3.295545e+01
-2.407679e+01 0.000000e+00 -2.803420e+01 3.957415e+00
-7.802127e+01 0.000000e+00 -2.936537e+01 -4.865590e+01
-1.718631e+02 0.000000e+00 -2.936537e+01 -1.424977e+02
-1.405557e+02 0.000000e+00 -2.888678e+01 -1.116689e+02
1.953786e+02 0.000000e+00 -2.936537e+01 2.247439e+02
-1.888958e+01 0.000000e+00 -2.936537e+01 1.047580e+01
-7.889793e+01 0.000000e+00 -2.803420e+01 -5.086373e+01
-9.274276e+01 0.000000e+00 -2.888678e+01 -6.385598e+01
-1.283210e+02 0.000000e+00 -2.803420e+01 -1.002868e+02
4.892701e+01 3.546367e+00 7.822466e+00 4.465091e+01
-2.881294e+01 0.000000e+00 -2.803420e+01 -7.787392e-01
7.114920e+01 3.546367e+00 7.822466e+00 6.687310e+01
4.541430e+00 3.546367e+00 7.822466e+00 2.653301e-01
6.795768e+00 3.546367e+00 6.491297e+00 3.850838e+00
1.073747e+02 3.546367e+00 7.822466e+00 1.030986e+02
4.443571e+01 3.546367e+00 7.822466e+00 4.015961e+01
4.280341e+02 3.546367e+00 7.822466e+00 4.237580e+02
4.632036e+02 3.546367e+00 6.491297e+00 4.602587e+02
8.805714e+00 3.546367e+00 7.822466e+00 4.529614e+00
3.839528e+02 3.546367e+00 7.822466e+00 3.796767e+02
3.117100e+02 3.546367e+00 6.491297e+00 3.087651e+02
5.263449e+01 3.546367e+00 6.491297e+00 4.968956e+01
1.546864e+02 3.546367e+00 6.491297e+00 1.517414e+02
3.419284e+02 3.546367e+00 6.491297e+00 3.389834e+02
4.483567e+01 3.546367e+00 6.491297e+00 4.189074e+01
-1.089374e+01 0.000000e+00 -1.704341e+01 6.149672e+00
-1.018950e+01 0.000000e+00 -1.837458e+01 8.185088e+00
-3.096159e+01 0.000000e+00 -1.704341e+01 -1.391818e+01
-3.964797e+01 0.000000e+00 -1.704341e+01 -2.260455e+01
-1.003551e+01 0.000000e+00 -1.837458e+01 8.339078e+00
6.059076e+01 0.000000e+00 -1.837458e+01 7.896534e+01
1.270763e+02 0.000000e+00 -1.656482e+01 1.436411e+02
-9.649194e+01 0.000000e+00 -1.704341e+01 -7.944853e+01
1.814990e+01 0.000000e+00 -1.656482e+01 3.471472e+01
-8.269683e+01 0.000000e+00 -1.704341e+01 -6.565342e+01
-5.473871e+01 0.000000e+00 -1.704341e+01 -3.769530e+01
7.441677e+01 0.000000e+00 -1.704341e+01 9.146018e+01
-7.368296e+01 0.000000e+00 -1.837458e+01 -5.530838e+01
-1.599175e+02 0.000000e+00 -1.789599e+01 -1.420215e+02
1.112767e+02 0.000000e+00 -1.837458e+01 1.296513e+02
2.610590e+02 0.000000e+00 -1.837458e+01 2.794336e+02
-2.928166e+01 0.000000e+00 -1.704341e+01 -1.223824e+01
-6.677278e+01 0.000000e+00 -1.789599e+01 -4.887679e+01
5.874053e+01 0.000000e+00 -1.704341e+01 7.578395e+01
-6.219040e+00 0.000000e+00 -1.704341e+01 1.082437e+01
5.442392e+01 0.000000e+00 -1.017683e+01 6.460075e+01
-1.572928e+01 0.000000e+00 -1.017683e+01 -5.552445e+00
-2.888740e+01 0.000000e+00 -1.017683e+01 -1.871057e+01
8.085415e+01 0.000000e+00 -1.150800e+01 9.236215e+01
5.680106e+01 0.000000e+00 -1.017683e+01 6.697789e+01
3.296009e+01 0.000000e+00 -1.017683e+01 4.313693e+01
-6.191387e+01 0.000000e+00 -1.017683e+01 -5.173704e+01
1.162027e+02 0.000000e+00 -1.150800e+01 1.277107e+02
7.080231e+01 0.000000e+00 -1.017683e+01 8.097914e+01
8.015872e+01 0.000000e+00 -1.017683e+01 9.033556e+01
-3.231253e+01 0.000000e+00 -1.150800e+01 -2.080453e+01
-2.365861e+02 0.000000e+00 -1.150800e+01 -2.250781e+02
3.701044e+01 0.000000e+00 -1.150800e+01 4.851844e+01
-8.636994e+00 0.000000e+00 -1.150800e+01 2.871009e+00
-1.865820e+02 0.000000e+00 -1.150800e+01 -1.750740e+02
-4.550146e+01 0.000000e+00 4.743688e+01 -9.293835e+01
6.036184e+01 0.000000e+00 4.610571e+01 1.425612e+01
3.171054e+01 0.000000e+00 4.743688e+01 -1.572635e+01
1.483189e+02 0.000000e+00 4.743688e+01 1.008820e+02
6.478292e+02 0.000000e+00 4.610571e+01 6.017234e+02
-5.582870e+02 0.000000e+00 4.610571e+01 -6.043928e+02
-7.832350e+01 0.000000e+00 4.791548e+01 -1.262390e+02
9.486420e+01 0.000000e+00 4.743688e+01 4.742731e+01
4.295553e+02 0.000000e+00 4.791548e+01 3.816398e+02
8.290875e+01 0.000000e+00 4.743688e+01 3.547187e+01
5.342728e+01 0.000000e+00 4.743688e+01 5.990398e+00
5.696490e+02 0.000000e+00 4.743688e+01 5.222122e+02
1.513523e+02 0.000000e+00 4.610571e+01 1.052466e+02
-5.826130e+00 0.000000e+00 4.658431e+01 -5.241044e+01
1.336114e+02 0.000000e+00 4.610571e+01 8.750571e+01
1.550181e+02 0.000000e+00 4.610571e+01 1.089124e+02
3.129636e+01 0.000000e+00 4.743688e+01 -1.614053e+01
6.689240e+01 0.000000e+00 4.658431e+01 2.030809e+01
-5.613302e+01 0.000000e+00 4.743688e+01 -1.035699e+02
1.747032e+02 0.000000e+00 4.743688e+01 1.272663e+02
-5.496913e+00 0.000000e+00 5.430346e+01 -5.980038e+01
8.687848e+01 0.000000e+00 5.430346e+01 3.257502e+01
3.342883e+01 0.000000e+00 5.430346e+01 -2.087463e+01
-7.405838e+01 0.000000e+00 5.297229e+01 -1.270307e+02
5.057360e+01 0.000000e+00 5.430346e+01 -3.729865e+00
1.147561e+01 0.000000e+00 5.430346e+01 -4.282785e+01
4.899479e+02 0.000000e+00 5.430346e+01 4.356445e+02
3.470009e+02 0.000000e+00 5.297229e+01 2.940286e+02
-6.199660e+01 0.000000e+00 5.430346e+01 -1.163001e+02
3.037941e+02 0.000000e+00 5.430346e+01 2.494906e+02
3.440226e+02 0.000000e+00 5.297229e+01 2.910503e+02
2.892206e+02 0.000000e+00 5.297229e+01 2.362483e+02
1.176759e+02 0.000000e+00 5.297229e+01 6.470363e+01
3.505654e+02 0.000000e+00 5.297229e+01 2.975931e+02
2.314177e+02 0.000000e+00 5.297229e+01 1.784454e+02
4.550146e+01 0.000000e+00 -5.193847e+01 9.743994e+01
-6.036184e+01 0.000000e+00 -5.326964e+01 -7.092194e+00
-3.171054e+01 0.000000e+00 -5.193847e+01 2.022794e+01
-1.483189e+02 0.000000e+00 -5.193847e+01 -9.638042e+01
-6.478292e+02 0.000000e+00 -5.326964e+01 -5.945595e+02
5.582870e+02 0.000000e+00 -5.326964e+01 6.115567e+02
7.832350e+01 0.000000e+00 -5.145988e+01 1.297834e+02
-9.486420e+01 0.000000e+00 -5.193847e+01 -4.292572e+01
-4.295553e+02 0.000000e+00 -5.145988e+01 -3.780954e+02
-8.290875e+01 0.000000e+00 -5.193847e+01 -3.097028e+01
-5.342728e+01 0.000000e+00 -5.193847e+01 -1.488808e+00
-5.696490e+02 0.000000e+00 -5.193847e+01 -5.177106e+02
-1.513523e+02 0.000000e+00 -5.326964e+01 -9.808267e+01
5.826130e+00 0.000000e+00 -5.279105e+01 5.861718e+01
-1.336114e+02 0.000000e+00 -5.326964e+01 -8.034178e+01
-1.550181e+02 0.000000e+00 -5.326964e+01 -1.017485e+02
-3.129636e+01 0.000000e+00 -5.193847e+01 2.064212e+01
-6.689240e+01 0.000000e+00 -5.279105e+01 -1.410135e+01
5.613302e+01 0.000000e+00 -5.193847e+01 1.080715e+02
-1.747032e+02 0.000000e+00 -5.193847e+01 -1.227647e+02
5.496913e+00 0.000000e+00 -4.507189e+01 5.056881e+01
-8.687848e+01 0.000000e+00 -4.507189e+01 -4.180659e+01
-3.342883e+01 0.000000e+00 -4.507189e+01 1.164306e+01
7.405838e+01 0.000000e+00 -4.640306e+01 1.204614e+02
-5.057360e+01 0.000000e+00 -4.507189e+01 -5.501704e+00
-1.147561e+01 0.000000e+00 -4.507189e+01 3.359628e+01
-4.899479e+02 0.000000e+00 -4.507189e+01 -4.448760e+02
-3.470009e+02 0.000000e+00 -4.640306e+01 -3.005979e+02
6.199660e+01 0.000000e+00 -4.507189e+01 1.070685e+02
-3.037941e+02 0.000000e+00 -4.507189e+01 -2.587222e+02
-3.440226e+02 0.000000e+00 -4.640306e+01 -2.976195e+02
-2.892206e+02 0.000000e+00 -4.640306e+01 -2.428175e+02
-1.176759e+02 0.000000e+00 -4.640306e+01 -7.127286e+01
-3.505654e+02 0.000000e+00 -4.640306e+01 -3.041623e+02
-2.314177e+02 0.000000e+00 -4.640306e+01 -1.850146e+02
4.588615e+01 0.000000e+00 8.888416e+00 3.699773e+01
-5.580390e+00 0.000000e+00 7.557247e+00 -1.313764e+01
1.095153e+01 0.000000e+00 8.888416e+00 2.063112e+00
-4.893434e-01 0.000000e+00 8.888416e+00 -9.377759e+00
-5.620127e+01 0.000000e+00 7.557247e+00 -6.375851e+01
7.603999e+01 0.000000e+00 7.557247e+00 6.848275e+01
2.567160e+01 0.000000e+00 9.367009e+00 1.630460e+01
4.903758e+00 0.000000e+00 8.888416e+00 -3.984659e+00
-4.103185e+01 0.000000e+00 9.367009e+00 -5.039885e+01
8.491431e+00 0.000000e+00 8.888416e+00 -3.969848e-01
1.571403e+01 0.000000e+00 8.888416e+00 6.825612e+00
-3.797038e+01 0.000000e+00 8.888416e+00 -4.685880e+01
-1.848681e+01 0.000000e+00 7.557247e+00 -2.604405e+01
1.091831e+01 0.000000e+00 8.035840e+00 2.882468e+00
-4.329819e+00 0.000000e+00 7.557247e+00 -1.188707e+01
-4.338559e-01 0.000000e+00 7.557247e+00 -7.991102e+00
1.810179e+01 0.000000e+00 8.888416e+00 9.213375e+00
5.591548e+00 0.000000e+00 8.035840e+00 -2.444291e+00
2.179087e+01 0.000000e+00 8.888416e+00 1.290245e+01
1.133616e+01 0.000000e+00 8.888416e+00 2.447742e+00
3.154419e+00 0.000000e+00 1.575500e+01 -1.260058e+01
2.794402e+00 0.000000e+00 1.575500e+01 -1.296059e+01
2.794801e+01 0.000000e+00 1.575500e+01 1.219301e+01
5.781692e+01 0.000000e+00 1.442383e+01 4.339310e+01
2.106404e+01 0.000000e+00 1.575500e+01 5.309049e+00
2.188169e+01 0.000000e+00 1.575500e+01 6.126692e+00
-5.356834e+01 0.000000e+00 1.575500e+01 -6.932334e+01
-3.425077e+01 0.000000e+00 1.442383e+01 -4.867460e+01
4.788083e+01 0.000000e+00 1.575500e+01 3.212583e+01
-3.166385e+01 0.000000e+00 1.575500e+01 -4.741885e+01
-3.635564e+01 0.000000e+00 1.442383e+01 -5.077947e+01
-1.821019e+00 0.000000e+00 1.442383e+01 -1.624485e+01
9.041239e+00 0.000000e+00 1.442383e+01 -5.382587e+00
-1.228770e+01 0.000000e+00 1.442383e+01 -2.671153e+01
-1.432036e+01 0.000000e+00 1.442383e+01 -2.874419e+01
