-4.413207e+01 0.000000e+00 -1.021730e+00 -4.311034e+01
1.551129e+01 0.000000e+00 8.370096e-01 1.467428e+01
4.940027e-01 0.000000e+00 -1.021730e+00 1.515733e+00
-2.471601e+02 0.000000e+00 -1.021730e+00 -2.461384e+02
2.489075e+01 0.000000e+00 8.370096e-01 2.405374e+01
1.596746e+01 0.000000e+00 8.370096e-01 1.513045e+01
-8.765923e+01 0.000000e+00 -2.173813e+00 -8.548541e+01
-2.957211e+00 0.000000e+00 -1.021730e+00 -1.935481e+00
-8.513723e+01 0.000000e+00 -2.173813e+00 -8.296341e+01
1.341883e-02 0.000000e+00 -1.021730e+00 1.035149e+00
5.691264e+01 0.000000e+00 -1.021730e+00 5.793437e+01
1.019531e+02 0.000000e+00 8.370096e-01 1.011161e+02
-6.824348e+01 0.000000e+00 8.370096e-01 -6.908049e+01
4.654059e+01 0.000000e+00 -3.150735e-01 4.685566e+01
-3.310893e+01 0.000000e+00 8.370096e-01 -3.394594e+01
-3.093511e+01 0.000000e+00 8.370096e-01 -3.177212e+01
-1.667152e+00 0.000000e+00 -1.021730e+00 -6.454217e-01
2.946237e-02 0.000000e+00 -3.150735e-01 3.445359e-01
1.205000e-02 0.000000e+00 -1.021730e+00 1.033780e+00
-2.865527e+00 1.485149e+01 2.040614e+01 -8.420178e+00
-1.393130e+01 0.000000e+00 -1.021730e+00 -1.290957e+01
4.080651e+01 1.485149e+01 2.040614e+01 3.525185e+01
1.445156e+01 1.485149e+01 2.040614e+01 8.896912e+00
8.312745e+00 1.485149e+01 2.226488e+01 8.993537e-01
6.989173e+01 1.485149e+01 2.040614e+01 6.433708e+01
7.460774e+00 1.485149e+01 2.040614e+01 1.906123e+00
4.551092e+01 1.485149e+01 2.040614e+01 3.995626e+01
3.727806e+01 1.485149e+01 2.226488e+01 2.986466e+01
-2.717291e+01 1.485149e+01 2.040614e+01 -3.272756e+01
-2.359835e+01 1.485149e+01 2.040614e+01 -2.915301e+01
-8.179599e+00 1.485149e+01 2.226488e+01 -1.559299e+01
-1.094752e+01 1.485149e+01 2.226488e+01 -1.836091e+01
2.808745e+01 1.485149e+01 2.226488e+01 2.067406e+01
5.615479e+01 1.485149e+01 2.226488e+01 4.874140e+01
2.817501e+01 1.485149e+01 2.226488e+01 2.076161e+01
5.692096e+01 1.485149e+01 2.025600e+01 5.151645e+01
1.111148e+02 1.485149e+01 2.211474e+01 1.038516e+02
2.149235e+01 1.485149e+01 2.025600e+01 1.608784e+01
1.803721e+01 1.485149e+01 2.025600e+01 1.263270e+01
3.135848e+01 1.485149e+01 2.211474e+01 2.409524e+01
-3.068986e-01 1.485149e+01 2.211474e+01 -7.570146e+00
6.846792e+01 1.485149e+01 1.910391e+01 6.421550e+01
-5.805892e+00 1.485149e+01 2.025600e+01 -1.121040e+01
2.748344e+01 1.485149e+01 1.910391e+01 2.323101e+01
-4.119029e+01 1.485149e+01 2.025600e+01 -4.659480e+01
8.549496e+01 1.485149e+01 2.025600e+01 8.009045e+01
4.925105e+01 1.485149e+01 2.211474e+01 4.198780e+01
2.174437e+01 1.485149e+01 2.211474e+01 1.448113e+01
1.552636e+00 1.485149e+01 2.096265e+01 -4.558528e+00
2.212893e+01 1.485149e+01 2.211474e+01 1.486568e+01
4.549058e+01 1.485149e+01 2.211474e+01 3.822733e+01
6.650199e+00 1.485149e+01 2.025600e+01 1.245691e+00
1.489312e+01 1.485149e+01 2.096265e+01 8.781952e+00
5.030339e+01 1.485149e+01 2.025600e+01 4.489888e+01
1.109431e+02 0.000000e+00 -1.171874e+00 1.121149e+02
2.861521e+01 1.485149e+01 2.025600e+01 2.321071e+01
-2.018559e+01 0.000000e+00 -1.171874e+00 -1.901371e+01
3.557355e-01 0.000000e+00 -1.171874e+00 1.527610e+00
1.225532e+00 0.000000e+00 6.868654e-01 5.386669e-01
-8.731093e+00 0.000000e+00 -1.171874e+00 -7.559219e+00
-6.504141e+00 0.000000e+00 -1.171874e+00 -5.332267e+00
6.937534e+01 0.000000e+00 -1.171874e+00 7.054721e+01
1.457161e+01 0.000000e+00 6.868654e-01 1.388474e+01
-1.325153e+00 0.000000e+00 -1.171874e+00 -1.532789e-01
1.527864e+01 0.000000e+00 -1.171874e+00 1.645051e+01
9.879270e+00 0.000000e+00 6.868654e-01 9.192404e+00
-5.944761e+01 0.000000e+00 6.868654e-01 -6.013447e+01
-5.254194e+01 0.000000e+00 6.868654e-01 -5.322881e+01
-9.711397e+01 0.000000e+00 6.868654e-01 -9.780084e+01
-1.384164e+01 0.000000e+00 6.868654e-01 -1.452850e+01
-2.827520e+01 2.305980e+01 -3.320852e+01 2.799311e+01
4.975634e+00 2.305980e+01 -3.134978e+01 5.938521e+01
1.798000e+01 2.305980e+01 -3.320852e+01 7.424831e+01
-5.471350e+01 2.305980e+01 -3.320852e+01 1.554815e+00
-5.893080e+01 2.305980e+01 -3.134978e+01 -4.521225e+00
-2.582732e+01 2.305980e+01 -3.134978e+01 2.858225e+01
-4.470426e+01 2.305980e+01 -3.436060e+01 1.271614e+01
-7.140729e+01 2.305980e+01 -3.320852e+01 -1.513897e+01
-5.347929e+01 2.305980e+01 -3.436060e+01 3.941106e+00
-6.221397e+00 2.305980e+01 -3.320852e+01 5.004692e+01
4.572968e+01 2.305980e+01 -3.320852e+01 1.019980e+02
-5.379389e+01 2.305980e+01 -3.320852e+01 2.474426e+00
-5.807902e+01 2.305980e+01 -3.134978e+01 -3.669444e+00
-3.275981e+01 2.305980e+01 -3.250186e+01 2.280185e+01
-1.027444e+02 2.305980e+01 -3.134978e+01 -4.833486e+01
-1.479856e+01 2.305980e+01 -3.134978e+01 3.961101e+01
-7.954134e+01 2.305980e+01 -3.320852e+01 -2.327302e+01
-3.675989e+01 2.305980e+01 -3.250186e+01 1.880176e+01
2.111494e+01 2.305980e+01 -3.320852e+01 7.738326e+01
-1.643943e+01 2.305980e+01 -3.320852e+01 3.982889e+01
7.470400e+00 2.305980e+01 -3.335866e+01 6.388886e+01
-3.833042e+00 2.305980e+01 -3.335866e+01 5.258542e+01
-4.104885e+00 2.305980e+01 -3.335866e+01 5.231357e+01
-2.673375e+01 2.305980e+01 -3.149992e+01 2.782597e+01
-8.349902e-01 2.305980e+01 -3.335866e+01 5.558347e+01
-3.029565e+01 2.305980e+01 -3.335866e+01 2.612280e+01
-3.794942e+01 2.305980e+01 -3.335866e+01 1.846904e+01
-3.844759e+01 2.305980e+01 -3.149992e+01 1.611213e+01
-2.929303e+01 2.305980e+01 -3.335866e+01 2.712543e+01
-5.869862e+01 2.305980e+01 -3.335866e+01 -2.280163e+00
-4.058625e+01 2.305980e+01 -3.149992e+01 1.397347e+01
-4.200393e+01 2.305980e+01 -3.149992e+01 1.255579e+01
-1.589580e+01 2.305980e+01 -3.149992e+01 3.866392e+01
-4.390226e+01 2.305980e+01 -3.149992e+01 1.065746e+01
-7.275957e+01 2.305980e+01 -3.149992e+01 -1.819985e+01
-1.585687e+01 0.000000e+00 2.483727e+01 -4.069414e+01
1.053566e+01 0.000000e+00 2.669601e+01 -1.616035e+01
-1.748600e+01 0.000000e+00 2.483727e+01 -4.232327e+01
-1.924466e+02 0.000000e+00 2.483727e+01 -2.172839e+02
8.382156e+01 0.000000e+00 2.669601e+01 5.712555e+01
4.179478e+01 0.000000e+00 2.669601e+01 1.509877e+01
-4.295497e+01 0.000000e+00 2.368519e+01 -6.664015e+01
6.845007e+01 0.000000e+00 2.483727e+01 4.361280e+01
-3.165793e+01 0.000000e+00 2.368519e+01 -5.534312e+01
6.234816e+00 0.000000e+00 2.483727e+01 -1.860245e+01
1.118296e+01 0.000000e+00 2.483727e+01 -1.365431e+01
1.557470e+02 0.000000e+00 2.483727e+01 1.309097e+02
-1.016446e+01 0.000000e+00 2.669601e+01 -3.686047e+01
7.930040e+01 0.000000e+00 2.554393e+01 5.375647e+01
6.963551e+01 0.000000e+00 2.669601e+01 4.293950e+01
-1.613655e+01 0.000000e+00 2.669601e+01 -4.283256e+01
7.787419e+01 0.000000e+00 2.483727e+01 5.303692e+01
3.678936e+01 0.000000e+00 2.554393e+01 1.124543e+01
-2.110289e+01 0.000000e+00 2.483727e+01 -4.594016e+01
2.508125e+00 0.000000e+00 2.483727e+01 -2.232915e+01
1.034727e+02 0.000000e+00 2.468713e+01 7.878554e+01
-1.635254e+01 0.000000e+00 2.468713e+01 -4.103967e+01
4.460620e+00 0.000000e+00 2.468713e+01 -2.022651e+01
2.795928e+01 0.000000e+00 2.654587e+01 1.413412e+00
-7.896105e+00 0.000000e+00 2.468713e+01 -3.258323e+01
2.379151e+01 0.000000e+00 2.468713e+01 -8.956117e-01
1.073248e+02 0.000000e+00 2.468713e+01 8.263763e+01
5.301920e+01 0.000000e+00 2.654587e+01 2.647333e+01
2.796788e+01 0.000000e+00 2.468713e+01 3.280754e+00
7.397726e+01 0.000000e+00 2.468713e+01 4.929013e+01
5.046552e+01 0.000000e+00 2.654587e+01 2.391965e+01
-1.744367e+01 0.000000e+00 2.654587e+01 -4.398954e+01
-3.664614e+01 0.000000e+00 2.654587e+01 -6.319201e+01
-5.321171e+01 0.000000e+00 2.654587e+01 -7.975758e+01
5.891793e+01 0.000000e+00 2.654587e+01 3.237207e+01
1.585687e+01 0.000000e+00 -2.542011e+01 4.127698e+01
-1.053566e+01 0.000000e+00 -2.356137e+01 1.302571e+01
1.748600e+01 0.000000e+00 -2.542011e+01 4.290610e+01
1.924466e+02 0.000000e+00 -2.542011e+01 2.178667e+02
-8.382156e+01 0.000000e+00 -2.356137e+01 -6.026019e+01
-4.179478e+01 0.000000e+00 -2.356137e+01 -1.823341e+01
4.295497e+01 0.000000e+00 -2.657219e+01 6.952716e+01
-6.845007e+01 0.000000e+00 -2.542011e+01 -4.302997e+01
3.165793e+01 0.000000e+00 -2.657219e+01 5.823012e+01
-6.234816e+00 0.000000e+00 -2.542011e+01 1.918529e+01
-1.118296e+01 0.000000e+00 -2.542011e+01 1.423715e+01
-1.557470e+02 0.000000e+00 -2.542011e+01 -1.303269e+02
1.016446e+01 0.000000e+00 -2.356137e+01 3.372583e+01
-7.930040e+01 0.000000e+00 -2.471345e+01 -5.458695e+01
-6.963551e+01 0.000000e+00 -2.356137e+01 -4.607414e+01
1.613655e+01 0.000000e+00 -2.356137e+01 3.969792e+01
-7.787419e+01 0.000000e+00 -2.542011e+01 -5.245408e+01
-3.678936e+01 0.000000e+00 -2.471345e+01 -1.207590e+01
2.110289e+01 0.000000e+00 -2.542011e+01 4.652300e+01
-2.508125e+00 0.000000e+00 -2.542011e+01 2.291198e+01
-1.034727e+02 0.000000e+00 -2.557025e+01 -7.790241e+01
1.635254e+01 0.000000e+00 -2.557025e+01 4.192280e+01
-4.460620e+00 0.000000e+00 -2.557025e+01 2.110963e+01
-2.795928e+01 0.000000e+00 -2.371151e+01 -4.247766e+00
7.896105e+00 0.000000e+00 -2.557025e+01 3.346636e+01
-2.379151e+01 0.000000e+00 -2.557025e+01 1.778738e+00
-1.073248e+02 0.000000e+00 -2.557025e+01 -8.175450e+01
-5.301920e+01 0.000000e+00 -2.371151e+01 -2.930768e+01
-2.796788e+01 0.000000e+00 -2.557025e+01 -2.397628e+00
-7.397726e+01 0.000000e+00 -2.557025e+01 -4.840701e+01
-5.046552e+01 0.000000e+00 -2.371151e+01 -2.675401e+01
1.744367e+01 0.000000e+00 -2.371151e+01 4.115518e+01
3.664614e+01 0.000000e+00 -2.371151e+01 6.035765e+01
5.321171e+01 0.000000e+00 -2.371151e+01 7.692323e+01
-5.891793e+01 0.000000e+00 -2.371151e+01 -3.520642e+01
3.798049e+00 0.000000e+00 1.373937e-01 3.660655e+00
7.101162e+00 0.000000e+00 1.996133e+00 5.105029e+00
3.412435e+00 0.000000e+00 1.373937e-01 3.275042e+00
1.801172e+01 0.000000e+00 1.373937e-01 1.787433e+01
-9.318855e+00 0.000000e+00 1.996133e+00 -1.131499e+01
-3.227123e+00 0.000000e+00 1.996133e+00 -5.223257e+00
7.514293e+00 0.000000e+00 -1.014689e+00 8.528982e+00
-7.676269e+00 0.000000e+00 1.373937e-01 -7.813663e+00
1.006087e+00 0.000000e+00 -1.014689e+00 2.020776e+00
2.398766e-02 0.000000e+00 1.373937e-01 -1.134060e-01
8.286788e+00 0.000000e+00 1.373937e-01 8.149394e+00
-1.074630e+01 0.000000e+00 1.373937e-01 -1.088370e+01
3.909464e+00 0.000000e+00 1.996133e+00 1.913331e+00
-5.143390e+00 0.000000e+00 8.440502e-01 -5.987440e+00
1.869504e+00 0.000000e+00 1.996133e+00 -1.266297e-01
4.121913e+00 0.000000e+00 1.996133e+00 2.125780e+00
-1.141091e+00 0.000000e+00 1.373937e-01 -1.278485e+00
2.145107e+00 0.000000e+00 8.440502e-01 1.301056e+00
-1.979557e+00 0.000000e+00 1.373937e-01 -2.116951e+00
2.809635e+00 0.000000e+00 1.373937e-01 2.672242e+00
-1.368513e+01 0.000000e+00 -1.275049e-02 -1.367238e+01
9.924876e-01 0.000000e+00 -1.275049e-02 1.005238e+00
2.334838e+00 0.000000e+00 -1.275049e-02 2.347589e+00
1.461080e+01 0.000000e+00 1.845989e+00 1.276481e+01
2.380032e+00 0.000000e+00 -1.275049e-02 2.392783e+00
2.734508e+00 0.000000e+00 -1.275049e-02 2.747259e+00
-1.727421e+01 0.000000e+00 -1.275049e-02 -1.726146e+01
-5.767043e+00 0.000000e+00 1.845989e+00 -7.613032e+00
-4.588076e+00 0.000000e+00 -1.275049e-02 -4.575326e+00
5.296410e+00 0.000000e+00 -1.275049e-02 5.309161e+00
-5.494851e+00 0.000000e+00 1.845989e+00 -7.340840e+00
1.020567e+01 0.000000e+00 1.845989e+00 8.359683e+00
5.068634e+00 0.000000e+00 1.845989e+00 3.222645e+00
1.025369e+01 0.000000e+00 1.845989e+00 8.407699e+00
-2.325720e+00 0.000000e+00 1.845989e+00 -4.171709e+00
