-3.438230e+01 -2.879950e-02 -5.744601e-01 -3.383664e+01
-4.738768e+01 -2.879950e-02 -2.510860e-01 -4.716539e+01
-5.731336e-01 -2.879950e-02 -5.744601e-01 -2.747303e-02
-3.850713e+02 -2.879950e-02 -5.744601e-01 -3.845257e+02
-5.797339e+00 -2.879950e-02 -2.510860e-01 -5.575052e+00
-4.589162e+01 -2.879950e-02 -2.510860e-01 -4.566933e+01
1.316188e+00 -2.879950e-02 -2.917342e-01 1.579123e+00
-7.912874e-01 -2.879950e-02 -5.744601e-01 -2.456268e-01
-1.007787e+02 -2.879950e-02 -2.917342e-01 -1.005158e+02
-2.237327e-01 -2.879950e-02 -5.744601e-01 3.219279e-01
-5.087954e+01 -2.879950e-02 -5.744601e-01 -5.033388e+01
1.642787e+01 -2.879950e-02 -2.510860e-01 1.665015e+01
-1.405088e+01 -2.879950e-02 -2.510860e-01 -1.382859e+01
7.686278e+01 -2.879950e-02 3.163988e-02 7.680234e+01
8.227545e+01 -2.879950e-02 -2.510860e-01 8.249774e+01
-6.656948e+00 -2.879950e-02 -2.510860e-01 -6.434661e+00
-8.317954e-01 -2.879950e-02 -5.744601e-01 -2.861348e-01
-1.734628e-01 -2.879950e-02 3.163988e-02 -2.339021e-01
3.560081e-03 -2.879950e-02 -5.744601e-01 5.492207e-01
-2.284556e+01 2.982688e+01 -4.271531e+01 4.969663e+01
-1.373475e+01 -2.879950e-02 -5.744601e-01 -1.318909e+01
-3.401304e+01 2.982688e+01 -4.271531e+01 3.852916e+01
-6.058069e+01 2.982688e+01 -4.271531e+01 1.196151e+01
-6.213366e+01 2.982688e+01 -4.239194e+01 1.008516e+01
-5.950933e+01 2.982688e+01 -4.271531e+01 1.303287e+01
-4.804626e+01 2.982688e+01 -4.271531e+01 2.449593e+01
-4.573571e+01 2.982688e+01 -4.271531e+01 2.680648e+01
-2.410751e+01 2.982688e+01 -4.239194e+01 4.811131e+01
-7.447725e+01 2.982688e+01 -4.271531e+01 -1.935057e+00
-8.890008e+01 2.982688e+01 -4.271531e+01 -1.635789e+01
-7.927804e+01 2.982688e+01 -4.239194e+01 -7.059225e+00
-3.736608e+01 2.982688e+01 -4.239194e+01 3.485274e+01
-6.416249e+01 2.982688e+01 -4.239194e+01 8.056328e+00
-1.106619e+02 2.982688e+01 -4.239194e+01 -3.844310e+01
-7.411745e+01 2.982688e+01 -4.239194e+01 -1.898636e+00
-2.719425e+01 2.982688e+01 -4.191328e+01 4.454591e+01
-9.040075e+01 2.982688e+01 -4.158990e+01 -1.898396e+01
-4.581735e+01 2.982688e+01 -4.191328e+01 2.592281e+01
-4.554263e+01 2.982688e+01 -4.191328e+01 2.619753e+01
-4.540411e+01 2.982688e+01 -4.158990e+01 2.601267e+01
-8.019431e+01 2.982688e+01 -4.158990e+01 -8.777521e+00
-2.230604e+01 2.982688e+01 -4.163055e+01 4.915139e+01
-4.608527e+01 2.982688e+01 -4.191328e+01 2.565489e+01
-1.503861e+01 2.982688e+01 -4.163055e+01 5.641882e+01
-7.213784e+01 2.982688e+01 -4.191328e+01 -3.976851e-01
-1.846159e+01 2.982688e+01 -4.191328e+01 5.327857e+01
-2.086962e+01 2.982688e+01 -4.158990e+01 5.054716e+01
-2.059917e+01 2.982688e+01 -4.158990e+01 5.081761e+01
-8.191020e+01 2.982688e+01 -4.130718e+01 -1.077614e+01
9.759843e+00 2.982688e+01 -4.158990e+01 8.117663e+01
-2.072143e+01 2.982688e+01 -4.158990e+01 5.069536e+01
-3.052894e+01 2.982688e+01 -4.191328e+01 4.121122e+01
-6.252120e+01 2.982688e+01 -4.130718e+01 8.612860e+00
-4.500391e+01 2.982688e+01 -4.191328e+01 2.673625e+01
9.994322e+01 -2.879950e-02 2.275745e-01 9.968684e+01
-2.914914e+01 2.982688e+01 -4.191328e+01 4.259102e+01
1.658596e+01 -2.879950e-02 2.275745e-01 1.632958e+01
4.668421e-01 -2.879950e-02 2.275745e-01 2.104681e-01
4.559571e-01 -2.879950e-02 5.509486e-01 -1.237910e-01
-8.319532e+01 -2.879950e-02 2.275745e-01 -8.345169e+01
2.465097e+00 -2.879950e-02 2.275745e-01 2.208723e+00
2.960840e+01 -2.879950e-02 2.275745e-01 2.935203e+01
3.486405e+01 -2.879950e-02 5.509486e-01 3.428431e+01
-1.109028e+00 -2.879950e-02 2.275745e-01 -1.365402e+00
1.752561e+02 -2.879950e-02 2.275745e-01 1.749997e+02
8.741532e+00 -2.879950e-02 5.509486e-01 8.161784e+00
-6.122974e+00 -2.879950e-02 5.509486e-01 -6.702722e+00
-3.151500e+01 -2.879950e-02 5.509486e-01 -3.209475e+01
8.107665e+01 -2.879950e-02 5.509486e-01 8.049690e+01
-1.859384e+01 -2.879950e-02 5.509486e-01 -1.917358e+01
-3.226747e+01 0.000000e+00 -3.068942e+01 -1.578057e+00
-8.744122e+01 0.000000e+00 -3.036604e+01 -5.707518e+01
-4.675914e+01 0.000000e+00 -3.068942e+01 -1.606972e+01
-7.325224e+01 0.000000e+00 -3.068942e+01 -4.256283e+01
-4.218146e+01 0.000000e+00 -3.036604e+01 -1.181542e+01
-5.430629e+01 0.000000e+00 -3.036604e+01 -2.394025e+01
-1.336834e+01 0.000000e+00 -3.040669e+01 1.703835e+01
-2.830577e+01 0.000000e+00 -3.068942e+01 2.383648e+00
-1.577702e+01 0.000000e+00 -3.040669e+01 1.462967e+01
-5.493328e+01 0.000000e+00 -3.068942e+01 -2.424386e+01
-2.620578e+01 0.000000e+00 -3.068942e+01 4.483639e+00
-3.202608e+01 0.000000e+00 -3.068942e+01 -1.336667e+00
-2.949942e+01 0.000000e+00 -3.036604e+01 8.666166e-01
-1.631224e+01 0.000000e+00 -3.008332e+01 1.377108e+01
-6.067682e+01 0.000000e+00 -3.036604e+01 -3.031078e+01
2.122165e+00 0.000000e+00 -3.036604e+01 3.248821e+01
-5.059158e+01 0.000000e+00 -3.068942e+01 -1.990216e+01
-6.195719e+01 0.000000e+00 -3.008332e+01 -3.187388e+01
-2.550941e+01 0.000000e+00 -3.068942e+01 5.180007e+00
-4.146963e+01 0.000000e+00 -3.068942e+01 -1.078022e+01
2.311181e+01 0.000000e+00 -2.988738e+01 5.299919e+01
-3.065270e+01 0.000000e+00 -2.988738e+01 -7.653168e-01
-1.582995e+01 0.000000e+00 -2.988738e+01 1.405743e+01
-4.120565e+01 0.000000e+00 -2.956401e+01 -1.164165e+01
-6.489247e+01 0.000000e+00 -2.988738e+01 -3.500509e+01
-3.464287e+01 0.000000e+00 -2.988738e+01 -4.755487e+00
-2.677451e+01 0.000000e+00 -2.988738e+01 3.112872e+00
2.938920e+00 0.000000e+00 -2.956401e+01 3.250293e+01
-3.824443e+01 0.000000e+00 -2.988738e+01 -8.357046e+00
-2.839556e+01 0.000000e+00 -2.988738e+01 1.491820e+00
-2.809640e+01 0.000000e+00 -2.956401e+01 1.467610e+00
-4.272990e+01 0.000000e+00 -2.956401e+01 -1.316589e+01
-4.824361e+01 0.000000e+00 -2.956401e+01 -1.867960e+01
-5.175583e+01 0.000000e+00 -2.956401e+01 -2.219182e+01
-1.606753e+01 0.000000e+00 -2.956401e+01 1.349647e+01
-2.114827e+00 0.000000e+00 2.850416e+01 -3.061899e+01
4.005354e+01 0.000000e+00 2.882754e+01 1.122600e+01
4.618600e+01 0.000000e+00 2.850416e+01 1.768184e+01
-3.118191e+02 0.000000e+00 2.850416e+01 -3.403232e+02
3.638413e+01 0.000000e+00 2.882754e+01 7.556587e+00
8.414675e+00 0.000000e+00 2.882754e+01 -2.041286e+01
1.468453e+01 0.000000e+00 2.878689e+01 -1.410236e+01
2.751448e+01 0.000000e+00 2.850416e+01 -9.896850e-01
-8.500167e+01 0.000000e+00 2.878689e+01 -1.137886e+02
5.470955e+01 0.000000e+00 2.850416e+01 2.620538e+01
-2.467376e+01 0.000000e+00 2.850416e+01 -5.317793e+01
4.845395e+01 0.000000e+00 2.850416e+01 1.994978e+01
1.544854e+01 0.000000e+00 2.882754e+01 -1.337899e+01
9.317502e+01 0.000000e+00 2.911026e+01 6.406475e+01
1.429523e+02 0.000000e+00 2.882754e+01 1.141247e+02
-8.779113e+00 0.000000e+00 2.882754e+01 -3.760665e+01
4.975978e+01 0.000000e+00 2.850416e+01 2.125562e+01
6.178373e+01 0.000000e+00 2.911026e+01 3.267347e+01
2.551297e+01 0.000000e+00 2.850416e+01 -2.991196e+00
2.773489e+01 0.000000e+00 2.850416e+01 -7.692796e-01
7.683140e+01 0.000000e+00 2.930620e+01 4.752520e+01
4.723865e+01 0.000000e+00 2.930620e+01 1.793246e+01
1.629679e+01 0.000000e+00 2.930620e+01 -1.300940e+01
4.166161e+01 0.000000e+00 2.962957e+01 1.203204e+01
-1.830285e+01 0.000000e+00 2.930620e+01 -4.760905e+01
3.710796e+01 0.000000e+00 2.930620e+01 7.801764e+00
5.638291e+01 0.000000e+00 2.930620e+01 2.707671e+01
3.192513e+01 0.000000e+00 2.962957e+01 2.295561e+00
3.713540e+01 0.000000e+00 2.930620e+01 7.829199e+00
2.036517e+02 0.000000e+00 2.930620e+01 1.743455e+02
3.683793e+01 0.000000e+00 2.962957e+01 7.208355e+00
3.660693e+01 0.000000e+00 2.962957e+01 6.977354e+00
1.672861e+01 0.000000e+00 2.962957e+01 -1.290097e+01
1.328325e+02 0.000000e+00 2.962957e+01 1.032029e+02
-2.526301e+00 0.000000e+00 2.962957e+01 -3.215587e+01
2.114827e+00 0.000000e+00 -2.933365e+01 3.144848e+01
-4.005354e+01 0.000000e+00 -2.901027e+01 -1.104327e+01
-4.618600e+01 0.000000e+00 -2.933365e+01 -1.685236e+01
3.118191e+02 0.000000e+00 -2.933365e+01 3.411527e+02
-3.638413e+01 0.000000e+00 -2.901027e+01 -7.373852e+00
-8.414675e+00 0.000000e+00 -2.901027e+01 2.059560e+01
-1.468453e+01 0.000000e+00 -2.905092e+01 1.436639e+01
-2.751448e+01 0.000000e+00 -2.933365e+01 1.819169e+00
8.500167e+01 0.000000e+00 -2.905092e+01 1.140526e+02
-5.470955e+01 0.000000e+00 -2.933365e+01 -2.537590e+01
2.467376e+01 0.000000e+00 -2.933365e+01 5.400741e+01
-4.845395e+01 0.000000e+00 -2.933365e+01 -1.912030e+01
-1.544854e+01 0.000000e+00 -2.901027e+01 1.356173e+01
-9.317502e+01 0.000000e+00 -2.872755e+01 -6.444747e+01
-1.429523e+02 0.000000e+00 -2.901027e+01 -1.139420e+02
8.779113e+00 0.000000e+00 -2.901027e+01 3.778939e+01
-4.975978e+01 0.000000e+00 -2.933365e+01 -2.042613e+01
-6.178373e+01 0.000000e+00 -2.872755e+01 -3.305618e+01
-2.551297e+01 0.000000e+00 -2.933365e+01 3.820680e+00
-2.773489e+01 0.000000e+00 -2.933365e+01 1.598763e+00
-7.683140e+01 0.000000e+00 -2.853161e+01 -4.829979e+01
-4.723865e+01 0.000000e+00 -2.853161e+01 -1.870704e+01
-1.629679e+01 0.000000e+00 -2.853161e+01 1.223482e+01
-4.166161e+01 0.000000e+00 -2.820824e+01 -1.345337e+01
1.830285e+01 0.000000e+00 -2.853161e+01 4.683447e+01
-3.710796e+01 0.000000e+00 -2.853161e+01 -8.576350e+00
-5.638291e+01 0.000000e+00 -2.853161e+01 -2.785130e+01
-3.192513e+01 0.000000e+00 -2.820824e+01 -3.716895e+00
-3.713540e+01 0.000000e+00 -2.853161e+01 -8.603785e+00
-2.036517e+02 0.000000e+00 -2.853161e+01 -1.751201e+02
-3.683793e+01 0.000000e+00 -2.820824e+01 -8.629689e+00
-3.660693e+01 0.000000e+00 -2.820824e+01 -8.398688e+00
-1.672861e+01 0.000000e+00 -2.820824e+01 1.147963e+01
-1.328325e+02 0.000000e+00 -2.820824e+01 -1.046242e+02
2.526301e+00 0.000000e+00 -2.820824e+01 3.073454e+01
4.627334e+00 0.000000e+00 2.368561e-01 4.390478e+00
-1.935339e-01 0.000000e+00 5.602302e-01 -7.537642e-01
-1.492993e+00 0.000000e+00 2.368561e-01 -1.729849e+00
2.780302e+01 0.000000e+00 2.368561e-01 2.756616e+01
-1.618364e+00 0.000000e+00 5.602302e-01 -2.178594e+00
4.063801e+00 0.000000e+00 5.602302e-01 3.503571e+00
3.725323e+00 0.000000e+00 5.195820e-01 3.205741e+00
-5.479329e-01 0.000000e+00 2.368561e-01 -7.847890e-01
5.243780e+00 0.000000e+00 5.195820e-01 4.724198e+00
1.183659e+00 0.000000e+00 2.368561e-01 9.468029e-01
1.229452e+01 0.000000e+00 2.368561e-01 1.205766e+01
3.536437e+00 0.000000e+00 2.368561e-01 3.299580e+00
2.820302e+00 0.000000e+00 5.602302e-01 2.260072e+00
-1.099155e+01 0.000000e+00 8.429561e-01 -1.183451e+01
-9.036830e+00 0.000000e+00 5.602302e-01 -9.597060e+00
4.861630e+00 0.000000e+00 5.602302e-01 4.301400e+00
7.361758e-01 0.000000e+00 2.368561e-01 4.993197e-01
-2.086888e+00 0.000000e+00 8.429561e-01 -2.929844e+00
2.503139e+00 0.000000e+00 2.368561e-01 2.266283e+00
2.698955e+00 0.000000e+00 2.368561e-01 2.462099e+00
-5.068473e+00 0.000000e+00 1.038891e+00 -6.107364e+00
-1.557351e+00 0.000000e+00 1.038891e+00 -2.596242e+00
5.125296e+00 0.000000e+00 1.038891e+00 4.086405e+00
8.698650e+00 0.000000e+00 1.362265e+00 7.336385e+00
4.959148e+00 0.000000e+00 1.038891e+00 3.920257e+00
1.278190e+00 0.000000e+00 1.038891e+00 2.392988e-01
-7.525362e+00 0.000000e+00 1.038891e+00 -8.564253e+00
-4.008431e+00 0.000000e+00 1.362265e+00 -5.370696e+00
-1.812496e+00 0.000000e+00 1.038891e+00 -2.851387e+00
-1.069885e+01 0.000000e+00 1.038891e+00 -1.173774e+01
-2.250382e-01 0.000000e+00 1.362265e+00 -1.587303e+00
3.677901e+00 0.000000e+00 1.362265e+00 2.315636e+00
4.944434e+00 0.000000e+00 1.362265e+00 3.582170e+00
-2.606248e+00 0.000000e+00 1.362265e+00 -3.968513e+00
1.023133e+01 0.000000e+00 1.362265e+00 8.869065e+00
