3.202682e+01 0.000000e+00 7.544072e-01 3.127242e+01
1.672008e+02 0.000000e+00 5.330765e+00 1.618701e+02
1.090801e+00 0.000000e+00 7.544072e-01 3.363937e-01
1.534557e+02 0.000000e+00 7.544072e-01 1.527013e+02
1.977157e+02 0.000000e+00 5.330765e+00 1.923849e+02
-1.003554e+02 0.000000e+00 5.330765e+00 -1.056862e+02
-1.150970e+02 0.000000e+00 -3.925548e+00 -1.111714e+02
1.326345e+01 0.000000e+00 7.544072e-01 1.250904e+01
-1.613276e+02 0.000000e+00 -3.925548e+00 -1.574021e+02
3.177074e-02 0.000000e+00 7.544072e-01 -7.226364e-01
-1.518888e+02 0.000000e+00 7.544072e-01 -1.526432e+02
-9.557926e+01 0.000000e+00 5.330765e+00 -1.009100e+02
-5.122285e+01 0.000000e+00 5.330765e+00 -5.655361e+01
5.593275e+01 0.000000e+00 6.508095e-01 5.528194e+01
1.461358e+02 0.000000e+00 5.330765e+00 1.408050e+02
1.975031e+02 0.000000e+00 5.330765e+00 1.921724e+02
1.386202e+00 0.000000e+00 7.544072e-01 6.317952e-01
6.185234e-01 0.000000e+00 6.508095e-01 -3.228612e-02
5.070797e-01 0.000000e+00 7.544072e-01 -2.473275e-01
8.145420e+00 -1.468550e+01 2.077547e+01 -2.731555e+01
-2.375932e+01 0.000000e+00 7.544072e-01 -2.451372e+01
5.846329e+01 -1.468550e+01 2.077547e+01 2.300232e+01
3.462735e+01 -1.468550e+01 2.077547e+01 -8.336221e-01
1.625892e+02 -1.468550e+01 2.535182e+01 1.225519e+02
8.846739e+01 -1.468550e+01 2.077547e+01 5.300642e+01
-9.496306e+00 -1.468550e+01 2.077547e+01 -4.495728e+01
1.410685e+02 -1.468550e+01 2.077547e+01 1.056075e+02
-8.415324e+01 -1.468550e+01 2.535182e+01 -1.241906e+02
1.164349e+02 -1.468550e+01 2.077547e+01 8.097396e+01
7.745330e+01 -1.468550e+01 2.077547e+01 4.199233e+01
1.555817e+02 -1.468550e+01 2.535182e+01 1.155443e+02
1.006315e+02 -1.468550e+01 2.535182e+01 6.059413e+01
1.772096e+02 -1.468550e+01 2.535182e+01 1.371723e+02
3.634280e+01 -1.468550e+01 2.535182e+01 -3.694533e+00
4.646201e+02 -1.468550e+01 2.535182e+01 4.245828e+02
2.451500e+01 -1.468550e+01 1.760663e+01 -7.777134e+00
6.349846e+01 -1.468550e+01 2.218299e+01 2.662997e+01
-9.298872e+01 -1.468550e+01 1.760663e+01 -1.252809e+02
-6.367059e+01 -1.468550e+01 1.760663e+01 -9.596273e+01
8.192153e+01 -1.468550e+01 2.218299e+01 4.505304e+01
6.172820e-01 -1.468550e+01 2.218299e+01 -3.625121e+01
-3.859816e+00 -1.468550e+01 1.292668e+01 -3.147200e+01
3.757249e+02 -1.468550e+01 1.760663e+01 3.434328e+02
-4.492803e+01 -1.468550e+01 1.292668e+01 -7.254021e+01
-2.346450e+01 -1.468550e+01 1.760663e+01 -5.575664e+01
-5.044654e+01 -1.468550e+01 1.760663e+01 -8.273868e+01
-1.242761e+02 -1.468550e+01 2.218299e+01 -1.611446e+02
-6.397216e+01 -1.468550e+01 2.218299e+01 -1.008407e+02
3.099639e+02 -1.468550e+01 1.750303e+01 2.777753e+02
1.582472e+02 -1.468550e+01 2.218299e+01 1.213787e+02
-1.115516e+00 -1.468550e+01 2.218299e+01 -3.798401e+01
4.849414e+01 -1.468550e+01 1.760663e+01 1.620200e+01
-3.252301e+01 -1.468550e+01 1.750303e+01 -6.471155e+01
-2.674008e+01 -1.468550e+01 1.760663e+01 -5.903222e+01
-3.367224e+02 0.000000e+00 -2.414428e+00 -3.343080e+02
2.513492e+01 -1.468550e+01 1.760663e+01 -7.157217e+00
3.208878e+01 0.000000e+00 -2.414428e+00 3.450320e+01
-8.893337e+00 0.000000e+00 -2.414428e+00 -6.478910e+00
3.090702e+00 0.000000e+00 2.161930e+00 9.287713e-01
-2.029514e+01 0.000000e+00 -2.414428e+00 -1.788072e+01
8.313226e+01 0.000000e+00 -2.414428e+00 8.554668e+01
-1.752306e+00 0.000000e+00 -2.414428e+00 6.621215e-01
2.552215e+02 0.000000e+00 2.161930e+00 2.530595e+02
2.426132e-01 0.000000e+00 -2.414428e+00 2.657041e+00
-5.481372e+01 0.000000e+00 -2.414428e+00 -5.239929e+01
2.402860e+02 0.000000e+00 2.161930e+00 2.381240e+02
1.542011e+02 0.000000e+00 2.161930e+00 1.520391e+02
1.850410e+02 0.000000e+00 2.161930e+00 1.828790e+02
-8.323107e+01 0.000000e+00 2.161930e+00 -8.539300e+01
-6.179984e+01 0.000000e+00 2.161930e+00 -6.396177e+01
8.296662e+01 4.867603e+01 6.884532e+01 6.279732e+01
1.268644e+02 4.867603e+01 7.342168e+01 1.021188e+02
1.488243e+02 4.867603e+01 6.884532e+01 1.286550e+02
-3.475466e+00 4.867603e+01 6.884532e+01 -2.364476e+01
1.387548e+02 4.867603e+01 7.342168e+01 1.140091e+02
8.773811e+01 4.867603e+01 7.342168e+01 6.299246e+01
3.561894e+01 4.867603e+01 6.416537e+01 2.012960e+01
3.175901e+02 4.867603e+01 6.884532e+01 2.974208e+02
3.712748e+01 4.867603e+01 6.416537e+01 2.163814e+01
4.116625e+01 4.867603e+01 6.884532e+01 2.099696e+01
-2.769520e+01 4.867603e+01 6.884532e+01 -4.786450e+01
2.134389e+01 4.867603e+01 6.884532e+01 1.174595e+00
-3.053401e+01 4.867603e+01 7.342168e+01 -5.527967e+01
-1.723192e+01 4.867603e+01 6.874172e+01 -3.729762e+01
1.203396e+01 4.867603e+01 7.342168e+01 -1.271169e+01
-1.502405e+02 4.867603e+01 7.342168e+01 -1.749861e+02
1.134869e+02 4.867603e+01 6.884532e+01 9.331756e+01
1.453990e+02 4.867603e+01 6.874172e+01 1.253333e+02
1.119275e+02 4.867603e+01 6.884532e+01 9.175818e+01
3.916781e+01 4.867603e+01 6.884532e+01 1.899852e+01
-5.423488e+01 4.867603e+01 6.567649e+01 -7.123534e+01
-4.209718e+01 4.867603e+01 6.567649e+01 -5.909764e+01
-4.958811e+01 4.867603e+01 6.567649e+01 -6.658857e+01
1.574080e+02 4.867603e+01 7.025284e+01 1.358311e+02
-1.754126e+01 4.867603e+01 6.567649e+01 -3.454172e+01
4.290380e+01 4.867603e+01 6.567649e+01 2.590334e+01
4.844653e+01 4.867603e+01 6.567649e+01 3.144607e+01
1.411682e+02 4.867603e+01 7.025284e+01 1.195914e+02
1.384126e+02 4.867603e+01 6.567649e+01 1.214121e+02
1.762226e+02 4.867603e+01 6.567649e+01 1.592221e+02
9.890530e+01 4.867603e+01 7.025284e+01 7.732848e+01
1.006873e+02 4.867603e+01 7.025284e+01 7.911052e+01
2.345879e+02 4.867603e+01 7.025284e+01 2.130111e+02
5.436097e+01 4.867603e+01 7.025284e+01 3.278415e+01
3.142117e+02 4.867603e+01 7.025284e+01 2.926349e+02
-5.093979e+01 0.000000e+00 -7.416769e+01 2.322789e+01
4.033640e+01 0.000000e+00 -6.959133e+01 1.099277e+02
-1.477335e+02 0.000000e+00 -7.416769e+01 -7.356585e+01
1.569312e+02 0.000000e+00 -7.416769e+01 2.310989e+02
5.896093e+01 0.000000e+00 -6.959133e+01 1.285523e+02
-1.880935e+02 0.000000e+00 -6.959133e+01 -1.185022e+02
-1.507159e+02 0.000000e+00 -7.884764e+01 -7.186827e+01
-3.043267e+02 0.000000e+00 -7.416769e+01 -2.301590e+02
-1.984551e+02 0.000000e+00 -7.884764e+01 -1.196075e+02
-4.113448e+01 0.000000e+00 -7.416769e+01 3.303321e+01
-1.241936e+02 0.000000e+00 -7.416769e+01 -5.002594e+01
-1.169232e+02 0.000000e+00 -7.416769e+01 -4.275547e+01
-2.068883e+01 0.000000e+00 -6.959133e+01 4.890250e+01
7.316467e+01 0.000000e+00 -7.427128e+01 1.474360e+02
1.341018e+02 0.000000e+00 -6.959133e+01 2.036931e+02
3.477437e+02 0.000000e+00 -6.959133e+01 4.173350e+02
-1.121007e+02 0.000000e+00 -7.416769e+01 -3.793297e+01
-1.447805e+02 0.000000e+00 -7.427128e+01 -7.050922e+01
-1.114204e+02 0.000000e+00 -7.416769e+01 -3.725271e+01
-6.292713e+01 0.000000e+00 -7.416769e+01 1.124056e+01
-2.824875e+02 0.000000e+00 -7.733652e+01 -2.051510e+02
7.418596e+01 0.000000e+00 -7.733652e+01 1.515225e+02
4.069477e+01 0.000000e+00 -7.733652e+01 1.180313e+02
-1.543173e+02 0.000000e+00 -7.276016e+01 -8.155710e+01
-2.753882e+00 0.000000e+00 -7.733652e+01 7.458264e+01
4.022845e+01 0.000000e+00 -7.733652e+01 1.175650e+02
-5.019884e+01 0.000000e+00 -7.733652e+01 2.713768e+01
1.140533e+02 0.000000e+00 -7.276016e+01 1.868135e+02
-1.381699e+02 0.000000e+00 -7.733652e+01 -6.083342e+01
-2.310363e+02 0.000000e+00 -7.733652e+01 -1.536998e+02
1.413807e+02 0.000000e+00 -7.276016e+01 2.141408e+02
5.351373e+01 0.000000e+00 -7.276016e+01 1.262739e+02
-4.954691e+01 0.000000e+00 -7.276016e+01 2.321326e+01
-1.375920e+02 0.000000e+00 -7.276016e+01 -6.483188e+01
-3.760116e+02 0.000000e+00 -7.276016e+01 -3.032514e+02
5.093979e+01 0.000000e+00 7.511026e+01 -2.417047e+01
-4.033640e+01 0.000000e+00 7.968662e+01 -1.200230e+02
1.477335e+02 0.000000e+00 7.511026e+01 7.262328e+01
-1.569312e+02 0.000000e+00 7.511026e+01 -2.320414e+02
-5.896093e+01 0.000000e+00 7.968662e+01 -1.386475e+02
1.880935e+02 0.000000e+00 7.968662e+01 1.084069e+02
1.507159e+02 0.000000e+00 7.043030e+01 8.028561e+01
3.043267e+02 0.000000e+00 7.511026e+01 2.292164e+02
1.984551e+02 0.000000e+00 7.043030e+01 1.280248e+02
4.113448e+01 0.000000e+00 7.511026e+01 -3.397578e+01
1.241936e+02 0.000000e+00 7.511026e+01 4.908337e+01
1.169232e+02 0.000000e+00 7.511026e+01 4.181290e+01
2.068883e+01 0.000000e+00 7.968662e+01 -5.899778e+01
-7.316467e+01 0.000000e+00 7.500666e+01 -1.481713e+02
-1.341018e+02 0.000000e+00 7.968662e+01 -2.137884e+02
-3.477437e+02 0.000000e+00 7.968662e+01 -4.274303e+02
1.121007e+02 0.000000e+00 7.511026e+01 3.699039e+01
1.447805e+02 0.000000e+00 7.500666e+01 6.977384e+01
1.114204e+02 0.000000e+00 7.511026e+01 3.631013e+01
6.292713e+01 0.000000e+00 7.511026e+01 -1.218313e+01
2.824875e+02 0.000000e+00 7.194143e+01 2.105461e+02
-7.418596e+01 0.000000e+00 7.194143e+01 -1.461274e+02
-4.069477e+01 0.000000e+00 7.194143e+01 -1.126362e+02
1.543173e+02 0.000000e+00 7.651778e+01 7.779948e+01
2.753882e+00 0.000000e+00 7.194143e+01 -6.918754e+01
-4.022845e+01 0.000000e+00 7.194143e+01 -1.121699e+02
5.019884e+01 0.000000e+00 7.194143e+01 -2.174258e+01
-1.140533e+02 0.000000e+00 7.651778e+01 -1.905711e+02
1.381699e+02 0.000000e+00 7.194143e+01 6.622851e+01
2.310363e+02 0.000000e+00 7.194143e+01 1.590949e+02
-1.413807e+02 0.000000e+00 7.651778e+01 -2.178985e+02
-5.351373e+01 0.000000e+00 7.651778e+01 -1.300315e+02
4.954691e+01 0.000000e+00 7.651778e+01 -2.697088e+01
1.375920e+02 0.000000e+00 7.651778e+01 6.107426e+01
3.760116e+02 0.000000e+00 7.651778e+01 2.994938e+02
-2.101135e+00 0.000000e+00 -2.884398e+00 7.832621e-01
-2.145773e+01 0.000000e+00 1.691960e+00 -2.314969e+01
-2.176271e+00 0.000000e+00 -2.884398e+00 7.081262e-01
-1.339999e+01 0.000000e+00 -2.884398e+00 -1.051560e+01
-3.221871e+01 0.000000e+00 1.691960e+00 -3.391067e+01
2.940588e+01 0.000000e+00 1.691960e+00 2.771392e+01
6.451646e+00 0.000000e+00 -7.564353e+00 1.401600e+01
3.629574e+01 0.000000e+00 -2.884398e+00 3.918014e+01
1.092638e+01 0.000000e+00 -7.564353e+00 1.849073e+01
-4.211649e+00 0.000000e+00 -2.884398e+00 -1.327252e+00
3.327490e+01 0.000000e+00 -2.884398e+00 3.615930e+01
4.852572e+00 0.000000e+00 -2.884398e+00 7.736970e+00
-1.670736e+01 0.000000e+00 1.691960e+00 -1.839932e+01
-3.523358e+01 0.000000e+00 -2.987995e+00 -3.224559e+01
-2.317336e+01 0.000000e+00 1.691960e+00 -2.486532e+01
-6.713768e+01 0.000000e+00 1.691960e+00 -6.882964e+01
-6.630209e+00 0.000000e+00 -2.884398e+00 -3.745812e+00
1.028522e+01 0.000000e+00 -2.987995e+00 1.327322e+01
-4.786188e+00 0.000000e+00 -2.884398e+00 -1.901790e+00
1.171639e+00 0.000000e+00 -2.884398e+00 4.056037e+00
2.913557e+01 0.000000e+00 -6.053232e+00 3.518881e+01
-1.481024e+01 0.000000e+00 -6.053232e+00 -8.757007e+00
-3.437369e+01 0.000000e+00 -6.053232e+00 -2.832046e+01
1.397125e+01 0.000000e+00 -1.476875e+00 1.544812e+01
9.498560e+00 0.000000e+00 -6.053232e+00 1.555179e+01
-1.758103e+01 0.000000e+00 -6.053232e+00 -1.152780e+01
-1.684912e+00 0.000000e+00 -6.053232e+00 4.368321e+00
-3.351667e+01 0.000000e+00 -1.476875e+00 -3.203979e+01
-1.802644e+01 0.000000e+00 -6.053232e+00 -1.197320e+01
9.186185e+00 0.000000e+00 -6.053232e+00 1.523942e+01
-3.080166e+01 0.000000e+00 -1.476875e+00 -2.932478e+01
-2.291848e+01 0.000000e+00 -1.476875e+00 -2.144160e+01
-2.726877e+00 0.000000e+00 -1.476875e+00 -1.250003e+00
3.470141e+00 0.000000e+00 -1.476875e+00 4.947016e+00
3.652918e+01 0.000000e+00 -1.476875e+00 3.800606e+01
