-4.906135e+01 -1.371383e+00 3.053422e+00 -5.348616e+01
1.510748e+02 -1.371383e+00 6.053033e-01 1.490981e+02
3.533574e+00 -1.371383e+00 3.053422e+00 -8.912313e-01
1.588594e+02 -1.371383e+00 3.053422e+00 1.544346e+02
2.227145e+02 -1.371383e+00 6.053033e-01 2.207379e+02
-3.618876e+01 -1.371383e+00 6.053033e-01 -3.816545e+01
5.804302e+01 -1.371383e+00 3.037702e+00 5.363394e+01
2.278684e+00 -1.371383e+00 3.053422e+00 -2.146121e+00
-4.418293e+02 -1.371383e+00 3.037702e+00 -4.462384e+02
4.063788e-01 -1.371383e+00 3.053422e+00 -4.018426e+00
2.653251e+01 -1.371383e+00 3.053422e+00 2.210771e+01
-3.115434e+02 -1.371383e+00 6.053033e-01 -3.135201e+02
3.526284e+02 -1.371383e+00 6.053033e-01 3.506518e+02
3.347726e+02 -1.371383e+00 5.895842e-01 3.328116e+02
-3.286127e+02 -1.371383e+00 6.053033e-01 -3.305894e+02
4.500411e+01 -1.371383e+00 6.053033e-01 4.302743e+01
4.611157e+00 -1.371383e+00 3.053422e+00 1.863520e-01
5.873919e-01 -1.371383e+00 5.895842e-01 -1.373576e+00
2.516536e+00 -1.371383e+00 3.053422e+00 -1.908269e+00
6.353043e+01 4.264447e+01 7.454051e+01 3.163439e+01
-9.764232e+01 -1.371383e+00 3.053422e+00 -1.020671e+02
2.090084e+02 4.264447e+01 7.454051e+01 1.771123e+02
7.139341e+01 4.264447e+01 7.454051e+01 3.949737e+01
7.631921e+01 4.264447e+01 7.209239e+01 4.687129e+01
7.053169e+01 4.264447e+01 7.454051e+01 3.863565e+01
3.763013e+01 4.264447e+01 7.454051e+01 5.734097e+00
7.101511e+01 4.264447e+01 7.454051e+01 3.911907e+01
3.783102e+02 4.264447e+01 7.209239e+01 3.488622e+02
1.398450e+02 4.264447e+01 7.454051e+01 1.079490e+02
2.814564e+01 4.264447e+01 7.454051e+01 -3.750400e+00
1.210794e+02 4.264447e+01 7.209239e+01 9.163144e+01
-2.426157e+01 4.264447e+01 7.209239e+01 -5.370949e+01
1.839909e+02 4.264447e+01 7.209239e+01 1.545430e+02
1.717484e+01 4.264447e+01 7.209239e+01 -1.227308e+01
3.328795e+02 4.264447e+01 7.209239e+01 3.034316e+02
7.134534e+01 4.264447e+01 7.536485e+01 3.862497e+01
4.120443e+02 4.264447e+01 7.291673e+01 3.817720e+02
4.229465e+01 4.264447e+01 7.536485e+01 9.574278e+00
-2.383625e+01 4.264447e+01 7.536485e+01 -5.655663e+01
8.175919e+01 4.264447e+01 7.291673e+01 5.148694e+01
7.494013e+01 4.264447e+01 7.291673e+01 4.466788e+01
-2.146001e+01 4.264447e+01 7.534913e+01 -5.416467e+01
4.556016e+00 4.264447e+01 7.536485e+01 -2.816436e+01
6.535744e+01 4.264447e+01 7.534913e+01 3.265278e+01
-8.965773e+01 4.264447e+01 7.536485e+01 -1.223781e+02
-3.364590e+01 4.264447e+01 7.536485e+01 -6.636628e+01
6.190108e+01 4.264447e+01 7.291673e+01 3.162883e+01
3.128271e+02 4.264447e+01 7.291673e+01 2.825549e+02
-3.019469e+01 4.264447e+01 7.290101e+01 -6.045122e+01
1.681136e+02 4.264447e+01 7.291673e+01 1.378413e+02
8.754234e+01 4.264447e+01 7.291673e+01 5.727008e+01
1.281852e+02 4.264447e+01 7.536485e+01 9.546482e+01
3.005098e+01 4.264447e+01 7.290101e+01 -2.055539e-01
4.962877e+00 4.264447e+01 7.536485e+01 -2.775750e+01
-2.169204e+01 -1.371383e+00 3.877757e+00 -2.694118e+01
9.061057e+01 4.264447e+01 7.536485e+01 5.789020e+01
3.494306e+02 -1.371383e+00 3.877757e+00 3.441815e+02
1.764217e+00 -1.371383e+00 3.877757e+00 -3.484923e+00
9.035648e-01 -1.371383e+00 1.429638e+00 -1.897457e+00
1.347695e+03 -1.371383e+00 3.877757e+00 1.342446e+03
-1.153450e+02 -1.371383e+00 3.877757e+00 -1.205941e+02
-1.672089e+02 -1.371383e+00 3.877757e+00 -1.724581e+02
-2.965454e+02 -1.371383e+00 1.429638e+00 -2.993465e+02
8.114741e+00 -1.371383e+00 3.877757e+00 2.865601e+00
1.840981e+02 -1.371383e+00 3.877757e+00 1.788490e+02
3.314421e+02 -1.371383e+00 1.429638e+00 3.286411e+02
4.147113e+02 -1.371383e+00 1.429638e+00 4.119103e+02
-1.284246e+02 -1.371383e+00 1.429638e+00 -1.312257e+02
-2.344642e+02 -1.371383e+00 1.429638e+00 -2.372652e+02
-2.329287e+02 -1.371383e+00 1.429638e+00 -2.357297e+02
-3.814019e+01 0.000000e+00 1.081500e+02 -1.462902e+02
3.099706e+02 0.000000e+00 1.057019e+02 2.042687e+02
1.892223e+02 0.000000e+00 1.081500e+02 8.107226e+01
-4.323994e+01 0.000000e+00 1.081500e+02 -1.513900e+02
-5.571221e+00 0.000000e+00 1.057019e+02 -1.112731e+02
2.938240e+02 0.000000e+00 1.057019e+02 1.881221e+02
1.755949e+02 0.000000e+00 1.081343e+02 6.746058e+01
3.959357e+01 0.000000e+00 1.081500e+02 -6.855644e+01
2.257461e+02 0.000000e+00 1.081343e+02 1.176118e+02
-5.909954e+01 0.000000e+00 1.081500e+02 -1.672496e+02
1.408713e+01 0.000000e+00 1.081500e+02 -9.406289e+01
-3.913861e+01 0.000000e+00 1.081500e+02 -1.472886e+02
3.430343e+02 0.000000e+00 1.057019e+02 2.373324e+02
8.482676e+01 0.000000e+00 1.056862e+02 -2.085942e+01
9.153476e+01 0.000000e+00 1.057019e+02 -1.416714e+01
3.726565e+01 0.000000e+00 1.057019e+02 -6.843625e+01
1.723959e+02 0.000000e+00 1.081500e+02 6.424586e+01
1.687691e+02 0.000000e+00 1.056862e+02 6.308294e+01
2.030332e+02 0.000000e+00 1.081500e+02 9.488323e+01
1.904152e+02 0.000000e+00 1.081500e+02 8.226521e+01
8.502404e+01 0.000000e+00 1.089744e+02 -2.395031e+01
8.597491e+01 0.000000e+00 1.089744e+02 -2.299944e+01
5.391987e+01 0.000000e+00 1.089744e+02 -5.505448e+01
1.713962e+02 0.000000e+00 1.065262e+02 6.486999e+01
4.886226e+02 0.000000e+00 1.089744e+02 3.796482e+02
1.402321e+02 0.000000e+00 1.089744e+02 3.125780e+01
-6.658954e+00 0.000000e+00 1.089744e+02 -1.156333e+02
1.515391e+02 0.000000e+00 1.065262e+02 4.501286e+01
1.747742e+02 0.000000e+00 1.089744e+02 6.579986e+01
2.723735e+02 0.000000e+00 1.089744e+02 1.633991e+02
8.591238e+01 0.000000e+00 1.065262e+02 -2.061385e+01
-1.234039e+02 0.000000e+00 1.065262e+02 -2.299301e+02
1.617852e+02 0.000000e+00 1.065262e+02 5.525901e+01
4.334113e+01 0.000000e+00 1.065262e+02 -6.318510e+01
2.923667e+01 0.000000e+00 1.065262e+02 -7.728956e+01
-1.092116e+01 0.000000e+00 -1.269083e+02 1.159871e+02
-1.588959e+02 0.000000e+00 -1.293564e+02 -2.953948e+01
-1.856887e+02 0.000000e+00 -1.269083e+02 -5.878043e+01
2.020993e+02 0.000000e+00 -1.269083e+02 3.290076e+02
2.282858e+02 0.000000e+00 -1.293564e+02 3.576421e+02
-3.300128e+02 0.000000e+00 -1.293564e+02 -2.006564e+02
-1.175518e+02 0.000000e+00 -1.269240e+02 9.372149e+00
-3.731489e+01 0.000000e+00 -1.269083e+02 8.959339e+01
-6.675753e+02 0.000000e+00 -1.269240e+02 -5.406513e+02
5.950592e+01 0.000000e+00 -1.269083e+02 1.864142e+02
1.244538e+01 0.000000e+00 -1.269083e+02 1.393537e+02
-2.724048e+02 0.000000e+00 -1.269083e+02 -1.454965e+02
9.594181e+00 0.000000e+00 -1.293564e+02 1.389506e+02
2.499458e+02 0.000000e+00 -1.293721e+02 3.793180e+02
-4.201475e+02 0.000000e+00 -1.293564e+02 -2.907911e+02
7.738461e+00 0.000000e+00 -1.293564e+02 1.370949e+02
-1.677847e+02 0.000000e+00 -1.269083e+02 -4.087643e+01
-1.681817e+02 0.000000e+00 -1.293721e+02 -3.880962e+01
-2.005167e+02 0.000000e+00 -1.269083e+02 -7.360843e+01
-2.880576e+02 0.000000e+00 -1.269083e+02 -1.611493e+02
-1.067161e+02 0.000000e+00 -1.260839e+02 1.936786e+01
2.634557e+02 0.000000e+00 -1.260839e+02 3.895396e+02
-5.215565e+01 0.000000e+00 -1.260839e+02 7.392829e+01
-1.704927e+02 0.000000e+00 -1.285321e+02 -4.196060e+01
8.590728e+02 0.000000e+00 -1.260839e+02 9.851567e+02
-2.555771e+02 0.000000e+00 -1.260839e+02 -1.294932e+02
-1.605500e+02 0.000000e+00 -1.260839e+02 -3.446604e+01
-4.480845e+02 0.000000e+00 -1.285321e+02 -3.195524e+02
-1.666595e+02 0.000000e+00 -1.260839e+02 -4.057554e+01
-8.827532e+01 0.000000e+00 -1.260839e+02 3.780862e+01
2.455297e+02 0.000000e+00 -1.285321e+02 3.740618e+02
5.381152e+02 0.000000e+00 -1.285321e+02 6.666473e+02
-2.902099e+02 0.000000e+00 -1.285321e+02 -1.616778e+02
-2.778053e+02 0.000000e+00 -1.285321e+02 -1.492732e+02
-2.621653e+02 0.000000e+00 -1.285321e+02 -1.336333e+02
1.092116e+01 7.329932e+01 1.276363e+02 -4.341578e+01
1.588959e+02 7.329932e+01 1.251881e+02 1.070071e+02
1.856887e+02 7.329932e+01 1.276363e+02 1.313518e+02
-2.020993e+02 7.329932e+01 1.276363e+02 -2.564362e+02
-2.282858e+02 7.329932e+01 1.251881e+02 -2.801746e+02
3.300128e+02 7.329932e+01 1.251881e+02 2.781240e+02
1.175518e+02 7.329932e+01 1.276205e+02 6.323063e+01
3.731489e+01 7.329932e+01 1.276363e+02 -1.702205e+01
6.675753e+02 7.329932e+01 1.276205e+02 6.132541e+02
-5.950592e+01 7.329932e+01 1.276363e+02 -1.138429e+02
-1.244538e+01 7.329932e+01 1.276363e+02 -6.678232e+01
2.724048e+02 7.329932e+01 1.276363e+02 2.180678e+02
-9.594181e+00 7.329932e+01 1.251881e+02 -6.148300e+01
-2.499458e+02 7.329932e+01 1.251724e+02 -3.018190e+02
4.201475e+02 7.329932e+01 1.251881e+02 3.682586e+02
-7.738461e+00 7.329932e+01 1.251881e+02 -5.962728e+01
1.677847e+02 7.329932e+01 1.276363e+02 1.134478e+02
1.681817e+02 7.329932e+01 1.251724e+02 1.163086e+02
2.005167e+02 7.329932e+01 1.276363e+02 1.461798e+02
2.880576e+02 7.329932e+01 1.276363e+02 2.337206e+02
1.067161e+02 7.329932e+01 1.284606e+02 5.155481e+01
-2.634557e+02 7.329932e+01 1.284606e+02 -3.186170e+02
5.215565e+01 7.329932e+01 1.284606e+02 -3.005626e+00
1.704927e+02 7.329932e+01 1.260125e+02 1.177795e+02
-8.590728e+02 7.329932e+01 1.284606e+02 -9.142340e+02
2.555771e+02 7.329932e+01 1.284606e+02 2.004158e+02
1.605500e+02 7.329932e+01 1.284606e+02 1.053887e+02
4.480845e+02 7.329932e+01 1.260125e+02 3.953713e+02
1.666595e+02 7.329932e+01 1.284606e+02 1.114982e+02
8.827532e+01 7.329932e+01 1.284606e+02 3.311405e+01
-2.455297e+02 7.329932e+01 1.260125e+02 -2.982429e+02
-5.381152e+02 7.329932e+01 1.260125e+02 -5.908284e+02
2.902099e+02 7.329932e+01 1.260125e+02 2.374967e+02
2.778053e+02 7.329932e+01 1.260125e+02 2.250921e+02
2.621653e+02 7.329932e+01 1.260125e+02 2.094522e+02
-2.976769e+01 0.000000e+00 8.819537e+00 -3.858723e+01
1.375028e+01 0.000000e+00 6.371419e+00 7.378862e+00
1.974384e+01 0.000000e+00 8.819537e+00 1.092430e+01
-9.081872e+00 0.000000e+00 8.819537e+00 -1.790141e+01
-4.744576e+01 0.000000e+00 6.371419e+00 -5.381718e+01
1.712584e+01 0.000000e+00 6.371419e+00 1.075442e+01
7.287379e+00 0.000000e+00 8.803818e+00 -1.516439e+00
8.903623e+00 0.000000e+00 8.819537e+00 8.408542e-02
3.699361e+01 0.000000e+00 8.803818e+00 2.818980e+01
9.110052e+00 0.000000e+00 8.819537e+00 2.905149e-01
1.637350e+00 0.000000e+00 8.819537e+00 -7.182187e+00
1.732067e+01 0.000000e+00 8.819537e+00 8.501136e+00
-1.253306e+01 0.000000e+00 6.371419e+00 -1.890448e+01
-5.593417e+01 0.000000e+00 6.355700e+00 -6.228987e+01
2.902641e+01 0.000000e+00 6.371419e+00 2.265499e+01
4.965910e+00 0.000000e+00 6.371419e+00 -1.405509e+00
1.107408e+01 0.000000e+00 8.819537e+00 2.254538e+00
8.374181e+00 0.000000e+00 6.355700e+00 2.018481e+00
7.119454e+00 0.000000e+00 8.819537e+00 -1.700083e+00
2.382766e+01 0.000000e+00 8.819537e+00 1.500812e+01
-9.131199e+00 0.000000e+00 9.643872e+00 -1.877507e+01
-1.683675e+01 0.000000e+00 9.643872e+00 -2.648062e+01
-2.818415e+00 0.000000e+00 9.643872e+00 -1.246229e+01
-8.791853e+00 0.000000e+00 7.195754e+00 -1.598761e+01
-7.438788e+01 0.000000e+00 9.643872e+00 -8.403175e+01
3.033835e+01 0.000000e+00 9.643872e+00 2.069448e+01
2.298539e+01 0.000000e+00 9.643872e+00 1.334152e+01
4.162038e+01 0.000000e+00 7.195754e+00 3.442463e+01
2.962177e+01 0.000000e+00 9.643872e+00 1.997790e+01
2.028202e+01 0.000000e+00 9.643872e+00 1.063815e+01
-6.006252e+01 0.000000e+00 7.195754e+00 -6.725827e+01
-6.580893e+01 0.000000e+00 7.195754e+00 -7.300468e+01
4.565183e+01 0.000000e+00 7.195754e+00 3.845608e+01
2.247641e+01 0.000000e+00 7.195754e+00 1.528066e+01
4.791562e+01 0.000000e+00 7.195754e+00 4.071987e+01
