-2.598614e+01 0.000000e+00 2.295363e+00 -2.828150e+01
6.000195e+01 0.000000e+00 2.758005e+00 5.724394e+01
2.983609e+00 0.000000e+00 2.295363e+00 6.882458e-01
-2.841820e+02 0.000000e+00 2.295363e+00 -2.864774e+02
3.920809e+02 0.000000e+00 2.758005e+00 3.893229e+02
9.707411e+00 0.000000e+00 2.758005e+00 6.949406e+00
1.197524e+02 0.000000e+00 -3.262955e-01 1.200787e+02
3.415377e+00 0.000000e+00 2.295363e+00 1.120014e+00
-2.431041e+01 0.000000e+00 -3.262955e-01 -2.398411e+01
1.339924e+00 0.000000e+00 2.295363e+00 -9.554387e-01
3.638126e+00 0.000000e+00 2.295363e+00 1.342763e+00
1.066551e+02 0.000000e+00 2.758005e+00 1.038971e+02
1.539458e+02 0.000000e+00 2.758005e+00 1.511878e+02
-9.902374e+00 0.000000e+00 1.363469e-01 -1.003872e+01
-3.366051e+01 0.000000e+00 2.758005e+00 -3.641851e+01
-9.162775e+01 0.000000e+00 2.758005e+00 -9.438575e+01
3.461356e+00 0.000000e+00 2.295363e+00 1.165994e+00
2.631926e-01 0.000000e+00 1.363469e-01 1.268457e-01
9.757072e-01 0.000000e+00 2.295363e+00 -1.319656e+00
7.734020e+01 0.000000e+00 4.059573e-01 7.693425e+01
4.662261e+00 0.000000e+00 2.295363e+00 2.366899e+00
7.877005e+01 0.000000e+00 4.059573e-01 7.836409e+01
-2.285227e+01 0.000000e+00 4.059573e-01 -2.325823e+01
-7.375675e+01 0.000000e+00 8.685996e-01 -7.462535e+01
-1.340494e+02 0.000000e+00 4.059573e-01 -1.344553e+02
2.196067e+00 0.000000e+00 4.059573e-01 1.790109e+00
-3.117626e+01 0.000000e+00 4.059573e-01 -3.158222e+01
7.121054e+01 0.000000e+00 8.685996e-01 7.034194e+01
-2.815297e+01 0.000000e+00 4.059573e-01 -2.855892e+01
1.222701e+01 0.000000e+00 4.059573e-01 1.182106e+01
2.546759e+01 0.000000e+00 8.685996e-01 2.459899e+01
-4.584269e+01 0.000000e+00 8.685996e-01 -4.671129e+01
1.277933e+02 0.000000e+00 8.685996e-01 1.269247e+02
-7.581167e-01 0.000000e+00 8.685996e-01 -1.626716e+00
2.470847e+01 0.000000e+00 8.685996e-01 2.383987e+01
-6.781065e+01 0.000000e+00 -5.580158e-01 -6.725263e+01
-3.150378e+00 0.000000e+00 -9.537340e-02 -3.055005e+00
-2.373273e+01 0.000000e+00 -5.580158e-01 -2.317472e+01
-6.157595e+01 0.000000e+00 -5.580158e-01 -6.101793e+01
1.919032e+01 0.000000e+00 -9.537340e-02 1.928569e+01
1.289609e+02 0.000000e+00 -9.537340e-02 1.290563e+02
-2.484082e+01 0.000000e+00 -3.179674e+00 -2.166115e+01
-4.512208e+01 0.000000e+00 -5.580158e-01 -4.456406e+01
-3.367428e+01 0.000000e+00 -3.179674e+00 -3.049461e+01
-1.055924e+01 0.000000e+00 -5.580158e-01 -1.000123e+01
-2.493164e+00 0.000000e+00 -5.580158e-01 -1.935148e+00
-5.796822e+00 0.000000e+00 -9.537340e-02 -5.701449e+00
6.699091e+01 0.000000e+00 -9.537340e-02 6.708628e+01
-8.605909e+01 0.000000e+00 -2.717032e+00 -8.334206e+01
1.818289e+02 0.000000e+00 -9.537340e-02 1.819243e+02
-2.774623e+01 0.000000e+00 -9.537340e-02 -2.765086e+01
1.200537e+01 0.000000e+00 -5.580158e-01 1.256338e+01
2.375006e+01 0.000000e+00 -2.717032e+00 2.646709e+01
2.688239e+01 0.000000e+00 -5.580158e-01 2.744040e+01
2.580116e+01 0.000000e+00 1.331390e+00 2.446977e+01
-3.088067e+01 0.000000e+00 -5.580158e-01 -3.032266e+01
5.791837e+02 0.000000e+00 1.331390e+00 5.778523e+02
4.635966e+00 0.000000e+00 1.331390e+00 3.304576e+00
8.988929e-01 0.000000e+00 1.794032e+00 -8.951393e-01
-2.140400e+02 0.000000e+00 1.331390e+00 -2.153714e+02
3.997842e+02 0.000000e+00 1.331390e+00 3.984528e+02
8.060323e+01 0.000000e+00 1.331390e+00 7.927184e+01
-1.180169e+02 0.000000e+00 1.794032e+00 -1.198110e+02
1.222516e+00 0.000000e+00 1.331390e+00 -1.088738e-01
2.387092e+02 0.000000e+00 1.331390e+00 2.373778e+02
-1.261141e+02 0.000000e+00 1.794032e+00 -1.279082e+02
2.347902e+02 0.000000e+00 1.794032e+00 2.329962e+02
-1.272339e+02 0.000000e+00 1.794032e+00 -1.290279e+02
1.247896e+02 0.000000e+00 1.794032e+00 1.229956e+02
6.088331e+01 0.000000e+00 1.794032e+00 5.908928e+01
9.283594e+00 0.000000e+00 5.312368e+00 3.971227e+00
1.789370e+01 0.000000e+00 5.775010e+00 1.211869e+01
1.047740e+02 0.000000e+00 5.312368e+00 9.946163e+01
-3.463764e+01 0.000000e+00 5.312368e+00 -3.995001e+01
-2.943937e+01 0.000000e+00 5.775010e+00 -3.521438e+01
5.406203e+01 0.000000e+00 5.775010e+00 4.828702e+01
5.088641e+01 0.000000e+00 2.690709e+00 4.819570e+01
-4.261635e+01 0.000000e+00 5.312368e+00 -4.792872e+01
-7.494392e+01 0.000000e+00 2.690709e+00 -7.763463e+01
-2.283078e+01 0.000000e+00 5.312368e+00 -2.814315e+01
4.154773e+01 0.000000e+00 5.312368e+00 3.623536e+01
-2.210752e+01 0.000000e+00 5.312368e+00 -2.741989e+01
2.736177e+01 0.000000e+00 5.775010e+00 2.158676e+01
1.093378e+02 0.000000e+00 3.153352e+00 1.061844e+02
-2.599410e+01 0.000000e+00 5.775010e+00 -3.176911e+01
5.496382e+01 0.000000e+00 5.775010e+00 4.918881e+01
5.714721e+01 0.000000e+00 5.312368e+00 5.183485e+01
-5.127090e+01 0.000000e+00 3.153352e+00 -5.442425e+01
-1.402028e+01 0.000000e+00 5.312368e+00 -1.933265e+01
-7.081671e+01 0.000000e+00 5.312368e+00 -7.612908e+01
9.357854e+01 0.000000e+00 4.348395e+00 8.923014e+01
1.431751e+01 0.000000e+00 4.348395e+00 9.969111e+00
2.468421e+00 0.000000e+00 4.348395e+00 -1.879974e+00
9.647304e+00 0.000000e+00 4.811037e+00 4.836267e+00
-6.386269e+01 0.000000e+00 4.348395e+00 -6.821109e+01
2.530233e+02 0.000000e+00 4.348395e+00 2.486749e+02
-2.292833e+01 0.000000e+00 4.348395e+00 -2.727672e+01
-6.013424e+01 0.000000e+00 4.811037e+00 -6.494528e+01
-2.354202e+01 0.000000e+00 4.348395e+00 -2.789042e+01
1.619219e+01 0.000000e+00 4.348395e+00 1.184380e+01
1.880596e+01 0.000000e+00 4.811037e+00 1.399492e+01
-1.702082e+01 0.000000e+00 4.811037e+00 -2.183186e+01
-8.476751e+01 0.000000e+00 4.811037e+00 -8.957855e+01
1.242928e+02 0.000000e+00 4.811037e+00 1.194818e+02
-1.862220e+00 0.000000e+00 4.811037e+00 -6.673257e+00
-3.526973e+01 0.000000e+00 2.170082e+01 -5.697055e+01
4.210825e+01 0.000000e+00 2.216346e+01 1.994478e+01
-1.017904e+02 0.000000e+00 2.170082e+01 -1.234912e+02
-2.495444e+02 0.000000e+00 2.170082e+01 -2.712452e+02
4.215203e+02 0.000000e+00 2.216346e+01 3.993568e+02
-4.435462e+01 0.000000e+00 2.216346e+01 -6.651808e+01
6.886598e+01 0.000000e+00 1.907916e+01 4.978682e+01
4.603173e+01 0.000000e+00 2.170082e+01 2.433091e+01
5.063351e+01 0.000000e+00 1.907916e+01 3.155435e+01
2.417071e+01 0.000000e+00 2.170082e+01 2.469887e+00
-3.790960e+01 0.000000e+00 2.170082e+01 -5.961042e+01
1.287626e+02 0.000000e+00 2.170082e+01 1.070618e+02
1.265840e+02 0.000000e+00 2.216346e+01 1.044206e+02
-1.192402e+02 0.000000e+00 1.954180e+01 -1.387820e+02
-7.666405e+00 0.000000e+00 2.216346e+01 -2.982987e+01
-1.465916e+02 0.000000e+00 2.216346e+01 -1.687550e+02
-5.368586e+01 0.000000e+00 2.170082e+01 -7.538668e+01
5.153409e+01 0.000000e+00 1.954180e+01 3.199228e+01
1.499599e+01 0.000000e+00 2.170082e+01 -6.704832e+00
7.547897e+01 0.000000e+00 2.170082e+01 5.377815e+01
-6.777737e+01 0.000000e+00 2.073685e+01 -8.851422e+01
5.648661e+02 0.000000e+00 2.073685e+01 5.441293e+02
2.167545e+00 0.000000e+00 2.073685e+01 -1.856930e+01
-8.748410e+00 0.000000e+00 2.119949e+01 -2.994790e+01
-1.501773e+02 0.000000e+00 2.073685e+01 -1.709142e+02
1.467610e+02 0.000000e+00 2.073685e+01 1.260241e+02
1.035316e+02 0.000000e+00 2.073685e+01 8.279472e+01
-5.788270e+01 0.000000e+00 2.119949e+01 -7.908219e+01
2.476454e+01 0.000000e+00 2.073685e+01 4.027692e+00
2.225170e+02 0.000000e+00 2.073685e+01 2.017802e+02
-1.449201e+02 0.000000e+00 2.119949e+01 -1.661196e+02
2.518110e+02 0.000000e+00 2.119949e+01 2.306115e+02
-4.246635e+01 0.000000e+00 2.119949e+01 -6.366584e+01
4.968547e-01 0.000000e+00 2.119949e+01 -2.070263e+01
6.274553e+01 0.000000e+00 2.119949e+01 4.154604e+01
3.526973e+01 0.000000e+00 -2.048646e+01 5.575619e+01
-4.210825e+01 0.000000e+00 -2.002382e+01 -2.208443e+01
1.017904e+02 0.000000e+00 -2.048646e+01 1.222768e+02
2.495444e+02 0.000000e+00 -2.048646e+01 2.700309e+02
-4.215203e+02 0.000000e+00 -2.002382e+01 -4.014965e+02
4.435462e+01 0.000000e+00 -2.002382e+01 6.437844e+01
-6.886598e+01 0.000000e+00 -2.310812e+01 -4.575786e+01
-4.603173e+01 0.000000e+00 -2.048646e+01 -2.554527e+01
-5.063351e+01 0.000000e+00 -2.310812e+01 -2.752539e+01
-2.417071e+01 0.000000e+00 -2.048646e+01 -3.684246e+00
3.790960e+01 0.000000e+00 -2.048646e+01 5.839606e+01
-1.287626e+02 0.000000e+00 -2.048646e+01 -1.082762e+02
-1.265840e+02 0.000000e+00 -2.002382e+01 -1.065602e+02
1.192402e+02 0.000000e+00 -2.264548e+01 1.418856e+02
7.666405e+00 0.000000e+00 -2.002382e+01 2.769022e+01
1.465916e+02 0.000000e+00 -2.002382e+01 1.666154e+02
5.368586e+01 0.000000e+00 -2.048646e+01 7.417232e+01
-5.153409e+01 0.000000e+00 -2.264548e+01 -2.888861e+01
-1.499599e+01 0.000000e+00 -2.048646e+01 5.490473e+00
-7.547897e+01 0.000000e+00 -2.048646e+01 -5.499251e+01
6.777737e+01 0.000000e+00 -2.145043e+01 8.922781e+01
-5.648661e+02 0.000000e+00 -2.145043e+01 -5.434157e+02
-2.167545e+00 0.000000e+00 -2.145043e+01 1.928289e+01
8.748410e+00 0.000000e+00 -2.098779e+01 2.973620e+01
1.501773e+02 0.000000e+00 -2.145043e+01 1.716278e+02
-1.467610e+02 0.000000e+00 -2.145043e+01 -1.253105e+02
-1.035316e+02 0.000000e+00 -2.145043e+01 -8.208113e+01
5.788270e+01 0.000000e+00 -2.098779e+01 7.887049e+01
-2.476454e+01 0.000000e+00 -2.145043e+01 -3.314105e+00
-2.225170e+02 0.000000e+00 -2.145043e+01 -2.010666e+02
1.449201e+02 0.000000e+00 -2.098779e+01 1.659079e+02
-2.518110e+02 0.000000e+00 -2.098779e+01 -2.308232e+02
4.246635e+01 0.000000e+00 -2.098779e+01 6.345414e+01
-4.968547e-01 0.000000e+00 -2.098779e+01 2.049094e+01
-6.274553e+01 0.000000e+00 -2.098779e+01 -4.175774e+01
3.551707e+01 1.563492e+01 1.617235e+01 3.497964e+01
3.005340e+01 1.563492e+01 1.663499e+01 2.905332e+01
2.171382e+01 1.563492e+01 1.617235e+01 2.117639e+01
3.216011e+01 1.563492e+01 1.617235e+01 3.162268e+01
-5.678181e+01 1.563492e+01 1.663499e+01 -5.778189e+01
2.858517e+01 1.563492e+01 1.663499e+01 2.758509e+01
1.398860e+01 1.563492e+01 1.355069e+01 1.607282e+01
2.889366e+01 1.563492e+01 1.617235e+01 2.835623e+01
-2.923280e+00 1.563492e+01 1.355069e+01 -8.390538e-01
1.973794e+01 1.563492e+01 1.617235e+01 1.920050e+01
4.735935e+01 1.563492e+01 1.617235e+01 4.682192e+01
4.491982e+00 1.563492e+01 1.617235e+01 3.954550e+00
8.797018e+00 1.563492e+01 1.663499e+01 7.796944e+00
5.044247e+01 1.563492e+01 1.401334e+01 5.206405e+01
1.320743e+01 1.563492e+01 1.663499e+01 1.220736e+01
3.847189e+01 1.563492e+01 1.663499e+01 3.747181e+01
1.789902e+01 1.563492e+01 1.617235e+01 1.736159e+01
8.837796e+00 1.563492e+01 1.401334e+01 1.045938e+01
1.152266e+01 1.563492e+01 1.617235e+01 1.098523e+01
1.846907e+00 1.563492e+01 1.617235e+01 1.309475e+00
1.646095e+01 1.563492e+01 1.520838e+01 1.688749e+01
-5.910879e+01 1.563492e+01 1.520838e+01 -5.868225e+01
2.221863e+01 1.563492e+01 1.520838e+01 2.264517e+01
7.887304e+00 1.563492e+01 1.567102e+01 7.851203e+00
4.667540e+01 1.563492e+01 1.520838e+01 4.710194e+01
8.725754e+00 1.563492e+01 1.520838e+01 9.152295e+00
-5.510342e+00 1.563492e+01 1.520838e+01 -5.083800e+00
2.609363e+01 1.563492e+01 1.567102e+01 2.605753e+01
1.116434e+01 1.563492e+01 1.520838e+01 1.159088e+01
2.818645e-01 1.563492e+01 1.520838e+01 7.084057e-01
4.567136e+01 1.563492e+01 1.567102e+01 4.563525e+01
-8.193855e+00 1.563492e+01 1.567102e+01 -8.229956e+00
5.606886e+01 1.563492e+01 1.567102e+01 5.603276e+01
1.542338e+01 1.563492e+01 1.567102e+01 1.538727e+01
1.903576e+01 1.563492e+01 1.567102e+01 1.899966e+01
