-4.906135e+01 0.000000e+00 3.053422e+00 -5.211477e+01
1.510748e+02 0.000000e+00 6.053033e-01 1.504695e+02
3.533574e+00 0.000000e+00 3.053422e+00 4.801521e-01
1.588594e+02 0.000000e+00 3.053422e+00 1.558059e+02
2.227145e+02 0.000000e+00 6.053033e-01 2.221092e+02
-3.618876e+01 0.000000e+00 6.053033e-01 -3.679406e+01
5.804302e+01 0.000000e+00 3.037702e+00 5.500532e+01
2.278684e+00 0.000000e+00 3.053422e+00 -7.747374e-01
-4.418293e+02 0.000000e+00 3.037702e+00 -4.448670e+02
4.063788e-01 0.000000e+00 3.053422e+00 -2.647043e+00
2.653251e+01 0.000000e+00 3.053422e+00 2.347909e+01
-3.115434e+02 0.000000e+00 6.053033e-01 -3.121487e+02
3.526284e+02 0.000000e+00 6.053033e-01 3.520231e+02
3.347726e+02 0.000000e+00 5.895842e-01 3.341830e+02
-3.286127e+02 0.000000e+00 6.053033e-01 -3.292180e+02
4.500411e+01 0.000000e+00 6.053033e-01 4.439881e+01
4.611157e+00 0.000000e+00 3.053422e+00 1.557735e+00
5.873919e-01 0.000000e+00 5.895842e-01 -2.192335e-03
2.516536e+00 0.000000e+00 3.053422e+00 -5.368855e-01
6.353043e+01 0.000000e+00 7.454051e+01 -1.101009e+01
-9.764232e+01 0.000000e+00 3.053422e+00 -1.006957e+02
2.090084e+02 0.000000e+00 7.454051e+01 1.344679e+02
7.139341e+01 0.000000e+00 7.454051e+01 -3.147102e+00
7.631921e+01 0.000000e+00 7.209239e+01 4.226812e+00
7.053169e+01 0.000000e+00 7.454051e+01 -4.008820e+00
3.763013e+01 0.000000e+00 7.454051e+01 -3.691038e+01
7.101511e+01 0.000000e+00 7.454051e+01 -3.525406e+00
3.783102e+02 0.000000e+00 7.209239e+01 3.062178e+02
1.398450e+02 0.000000e+00 7.454051e+01 6.530452e+01
2.814564e+01 0.000000e+00 7.454051e+01 -4.639487e+01
1.210794e+02 0.000000e+00 7.209239e+01 4.898697e+01
-2.426157e+01 0.000000e+00 7.209239e+01 -9.635397e+01
1.839909e+02 0.000000e+00 7.209239e+01 1.118985e+02
1.717484e+01 0.000000e+00 7.209239e+01 -5.491755e+01
3.328795e+02 0.000000e+00 7.209239e+01 2.607871e+02
7.134534e+01 0.000000e+00 7.536485e+01 -4.019503e+00
4.120443e+02 0.000000e+00 7.291673e+01 3.391276e+02
4.229465e+01 0.000000e+00 7.536485e+01 -3.307020e+01
-2.383625e+01 0.000000e+00 7.536485e+01 -9.920110e+01
8.175919e+01 0.000000e+00 7.291673e+01 8.842465e+00
7.494013e+01 0.000000e+00 7.291673e+01 2.023403e+00
-2.146001e+01 0.000000e+00 7.534913e+01 -9.680914e+01
4.556016e+00 0.000000e+00 7.536485e+01 -7.080883e+01
6.535744e+01 0.000000e+00 7.534913e+01 -9.991691e+00
-8.965773e+01 0.000000e+00 7.536485e+01 -1.650226e+02
-3.364590e+01 0.000000e+00 7.536485e+01 -1.090108e+02
6.190108e+01 0.000000e+00 7.291673e+01 -1.101565e+01
3.128271e+02 0.000000e+00 7.291673e+01 2.399104e+02
-3.019469e+01 0.000000e+00 7.290101e+01 -1.030957e+02
1.681136e+02 0.000000e+00 7.291673e+01 9.519684e+01
8.754234e+01 0.000000e+00 7.291673e+01 1.462561e+01
1.281852e+02 0.000000e+00 7.536485e+01 5.282035e+01
3.005098e+01 0.000000e+00 7.290101e+01 -4.285003e+01
4.962877e+00 0.000000e+00 7.536485e+01 -7.040197e+01
-2.169204e+01 0.000000e+00 3.877757e+00 -2.556980e+01
9.061057e+01 0.000000e+00 7.536485e+01 1.524573e+01
3.494306e+02 0.000000e+00 3.877757e+00 3.455528e+02
1.764217e+00 0.000000e+00 3.877757e+00 -2.113539e+00
9.035648e-01 0.000000e+00 1.429638e+00 -5.260735e-01
1.347695e+03 0.000000e+00 3.877757e+00 1.343818e+03
-1.153450e+02 0.000000e+00 3.877757e+00 -1.192227e+02
-1.672089e+02 0.000000e+00 3.877757e+00 -1.710867e+02
-2.965454e+02 0.000000e+00 1.429638e+00 -2.979751e+02
8.114741e+00 0.000000e+00 3.877757e+00 4.236985e+00
1.840981e+02 0.000000e+00 3.877757e+00 1.802204e+02
3.314421e+02 0.000000e+00 1.429638e+00 3.300124e+02
4.147113e+02 0.000000e+00 1.429638e+00 4.132817e+02
-1.284246e+02 0.000000e+00 1.429638e+00 -1.298543e+02
-2.344642e+02 0.000000e+00 1.429638e+00 -2.358938e+02
-2.329287e+02 0.000000e+00 1.429638e+00 -2.343583e+02
-3.814019e+01 0.000000e+00 1.081500e+02 -1.462902e+02
3.099706e+02 0.000000e+00 1.057019e+02 2.042687e+02
1.892223e+02 0.000000e+00 1.081500e+02 8.107226e+01
-4.323994e+01 0.000000e+00 1.081500e+02 -1.513900e+02
-5.571221e+00 0.000000e+00 1.057019e+02 -1.112731e+02
2.938240e+02 0.000000e+00 1.057019e+02 1.881221e+02
1.755949e+02 0.000000e+00 1.081343e+02 6.746058e+01
3.959357e+01 0.000000e+00 1.081500e+02 -6.855644e+01
2.257461e+02 0.000000e+00 1.081343e+02 1.176118e+02
-5.909954e+01 0.000000e+00 1.081500e+02 -1.672496e+02
1.408713e+01 0.000000e+00 1.081500e+02 -9.406289e+01
-3.913861e+01 0.000000e+00 1.081500e+02 -1.472886e+02
3.430343e+02 0.000000e+00 1.057019e+02 2.373324e+02
8.482676e+01 0.000000e+00 1.056862e+02 -2.085942e+01
9.153476e+01 0.000000e+00 1.057019e+02 -1.416714e+01
3.726565e+01 0.000000e+00 1.057019e+02 -6.843625e+01
1.723959e+02 0.000000e+00 1.081500e+02 6.424586e+01
1.687691e+02 0.000000e+00 1.056862e+02 6.308294e+01
2.030332e+02 0.000000e+00 1.081500e+02 9.488323e+01
1.904152e+02 0.000000e+00 1.081500e+02 8.226521e+01
8.502404e+01 0.000000e+00 1.089744e+02 -2.395031e+01
8.597491e+01 0.000000e+00 1.089744e+02 -2.299944e+01
5.391987e+01 0.000000e+00 1.089744e+02 -5.505448e+01
1.713962e+02 0.000000e+00 1.065262e+02 6.486999e+01
4.886226e+02 0.000000e+00 1.089744e+02 3.796482e+02
1.402321e+02 0.000000e+00 1.089744e+02 3.125780e+01
-6.658954e+00 0.000000e+00 1.089744e+02 -1.156333e+02
1.515391e+02 0.000000e+00 1.065262e+02 4.501286e+01
1.747742e+02 0.000000e+00 1.089744e+02 6.579986e+01
2.723735e+02 0.000000e+00 1.089744e+02 1.633991e+02
8.591238e+01 0.000000e+00 1.065262e+02 -2.061385e+01
-1.234039e+02 0.000000e+00 1.065262e+02 -2.299301e+02
1.617852e+02 0.000000e+00 1.065262e+02 5.525901e+01
4.334113e+01 0.000000e+00 1.065262e+02 -6.318510e+01
2.923667e+01 0.000000e+00 1.065262e+02 -7.728956e+01
-1.092116e+01 0.000000e+00 -1.269083e+02 1.159871e+02
-1.588959e+02 0.000000e+00 -1.293564e+02 -2.953948e+01
-1.856887e+02 0.000000e+00 -1.269083e+02 -5.878043e+01
2.020993e+02 0.000000e+00 -1.269083e+02 3.290076e+02
2.282858e+02 0.000000e+00 -1.293564e+02 3.576421e+02
-3.300128e+02 0.000000e+00 -1.293564e+02 -2.006564e+02
-1.175518e+02 0.000000e+00 -1.269240e+02 9.372149e+00
-3.731489e+01 0.000000e+00 -1.269083e+02 8.959339e+01
-6.675753e+02 0.000000e+00 -1.269240e+02 -5.406513e+02
5.950592e+01 0.000000e+00 -1.269083e+02 1.864142e+02
1.244538e+01 0.000000e+00 -1.269083e+02 1.393537e+02
-2.724048e+02 0.000000e+00 -1.269083e+02 -1.454965e+02
9.594181e+00 0.000000e+00 -1.293564e+02 1.389506e+02
2.499458e+02 0.000000e+00 -1.293721e+02 3.793180e+02
-4.201475e+02 0.000000e+00 -1.293564e+02 -2.907911e+02
7.738461e+00 0.000000e+00 -1.293564e+02 1.370949e+02
-1.677847e+02 0.000000e+00 -1.269083e+02 -4.087643e+01
-1.681817e+02 0.000000e+00 -1.293721e+02 -3.880962e+01
-2.005167e+02 0.000000e+00 -1.269083e+02 -7.360843e+01
-2.880576e+02 0.000000e+00 -1.269083e+02 -1.611493e+02
-1.067161e+02 0.000000e+00 -1.260839e+02 1.936786e+01
2.634557e+02 0.000000e+00 -1.260839e+02 3.895396e+02
-5.215565e+01 0.000000e+00 -1.260839e+02 7.392829e+01
-1.704927e+02 0.000000e+00 -1.285321e+02 -4.196060e+01
8.590728e+02 0.000000e+00 -1.260839e+02 9.851567e+02
-2.555771e+02 0.000000e+00 -1.260839e+02 -1.294932e+02
-1.605500e+02 0.000000e+00 -1.260839e+02 -3.446604e+01
-4.480845e+02 0.000000e+00 -1.285321e+02 -3.195524e+02
-1.666595e+02 0.000000e+00 -1.260839e+02 -4.057554e+01
-8.827532e+01 0.000000e+00 -1.260839e+02 3.780862e+01
2.455297e+02 0.000000e+00 -1.285321e+02 3.740618e+02
5.381152e+02 0.000000e+00 -1.285321e+02 6.666473e+02
-2.902099e+02 0.000000e+00 -1.285321e+02 -1.616778e+02
-2.778053e+02 0.000000e+00 -1.285321e+02 -1.492732e+02
-2.621653e+02 0.000000e+00 -1.285321e+02 -1.336333e+02
1.092116e+01 1.269581e+02 1.276363e+02 1.024305e+01
1.588959e+02 1.269581e+02 1.251881e+02 1.606659e+02
1.856887e+02 1.269581e+02 1.276363e+02 1.850106e+02
-2.020993e+02 1.269581e+02 1.276363e+02 -2.027774e+02
-2.282858e+02 1.269581e+02 1.251881e+02 -2.265157e+02
3.300128e+02 1.269581e+02 1.251881e+02 3.317828e+02
1.175518e+02 1.269581e+02 1.276205e+02 1.168895e+02
3.731489e+01 1.269581e+02 1.276363e+02 3.663678e+01
6.675753e+02 1.269581e+02 1.276205e+02 6.669129e+02
-5.950592e+01 1.269581e+02 1.276363e+02 -6.018404e+01
-1.244538e+01 1.269581e+02 1.276363e+02 -1.312350e+01
2.724048e+02 1.269581e+02 1.276363e+02 2.717266e+02
-9.594181e+00 1.269581e+02 1.251881e+02 -7.824179e+00
-2.499458e+02 1.269581e+02 1.251724e+02 -2.481601e+02
4.201475e+02 1.269581e+02 1.251881e+02 4.219175e+02
-7.738461e+00 1.269581e+02 1.251881e+02 -5.968458e+00
1.677847e+02 1.269581e+02 1.276363e+02 1.671066e+02
1.681817e+02 1.269581e+02 1.251724e+02 1.699675e+02
2.005167e+02 1.269581e+02 1.276363e+02 1.998386e+02
2.880576e+02 1.269581e+02 1.276363e+02 2.873794e+02
1.067161e+02 1.269581e+02 1.284606e+02 1.052136e+02
-2.634557e+02 1.269581e+02 1.284606e+02 -2.649581e+02
5.215565e+01 1.269581e+02 1.284606e+02 5.065320e+01
1.704927e+02 1.269581e+02 1.260125e+02 1.714383e+02
-8.590728e+02 1.269581e+02 1.284606e+02 -8.605752e+02
2.555771e+02 1.269581e+02 1.284606e+02 2.540747e+02
1.605500e+02 1.269581e+02 1.284606e+02 1.590475e+02
4.480845e+02 1.269581e+02 1.260125e+02 4.490302e+02
1.666595e+02 1.269581e+02 1.284606e+02 1.651570e+02
8.827532e+01 1.269581e+02 1.284606e+02 8.677287e+01
-2.455297e+02 1.269581e+02 1.260125e+02 -2.445840e+02
-5.381152e+02 1.269581e+02 1.260125e+02 -5.371696e+02
2.902099e+02 1.269581e+02 1.260125e+02 2.911555e+02
2.778053e+02 1.269581e+02 1.260125e+02 2.787510e+02
2.621653e+02 1.269581e+02 1.260125e+02 2.631110e+02
-2.976769e+01 0.000000e+00 8.819537e+00 -3.858723e+01
1.375028e+01 0.000000e+00 6.371419e+00 7.378862e+00
1.974384e+01 0.000000e+00 8.819537e+00 1.092430e+01
-9.081872e+00 0.000000e+00 8.819537e+00 -1.790141e+01
-4.744576e+01 0.000000e+00 6.371419e+00 -5.381718e+01
1.712584e+01 0.000000e+00 6.371419e+00 1.075442e+01
7.287379e+00 0.000000e+00 8.803818e+00 -1.516439e+00
8.903623e+00 0.000000e+00 8.819537e+00 8.408542e-02
3.699361e+01 0.000000e+00 8.803818e+00 2.818980e+01
9.110052e+00 0.000000e+00 8.819537e+00 2.905149e-01
1.637350e+00 0.000000e+00 8.819537e+00 -7.182187e+00
1.732067e+01 0.000000e+00 8.819537e+00 8.501136e+00
-1.253306e+01 0.000000e+00 6.371419e+00 -1.890448e+01
-5.593417e+01 0.000000e+00 6.355700e+00 -6.228987e+01
2.902641e+01 0.000000e+00 6.371419e+00 2.265499e+01
4.965910e+00 0.000000e+00 6.371419e+00 -1.405509e+00
1.107408e+01 0.000000e+00 8.819537e+00 2.254538e+00
8.374181e+00 0.000000e+00 6.355700e+00 2.018481e+00
7.119454e+00 0.000000e+00 8.819537e+00 -1.700083e+00
2.382766e+01 0.000000e+00 8.819537e+00 1.500812e+01
-9.131199e+00 0.000000e+00 9.643872e+00 -1.877507e+01
-1.683675e+01 0.000000e+00 9.643872e+00 -2.648062e+01
-2.818415e+00 0.000000e+00 9.643872e+00 -1.246229e+01
-8.791853e+00 0.000000e+00 7.195754e+00 -1.598761e+01
-7.438788e+01 0.000000e+00 9.643872e+00 -8.403175e+01
3.033835e+01 0.000000e+00 9.643872e+00 2.069448e+01
2.298539e+01 0.000000e+00 9.643872e+00 1.334152e+01
4.162038e+01 0.000000e+00 7.195754e+00 3.442463e+01
2.962177e+01 0.000000e+00 9.643872e+00 1.997790e+01
2.028202e+01 0.000000e+00 9.643872e+00 1.063815e+01
-6.006252e+01 0.000000e+00 7.195754e+00 -6.725827e+01
-6.580893e+01 0.000000e+00 7.195754e+00 -7.300468e+01
4.565183e+01 0.000000e+00 7.195754e+00 3.845608e+01
2.247641e+01 0.000000e+00 7.195754e+00 1.528066e+01
4.791562e+01 0.000000e+00 7.195754e+00 4.071987e+01
