1.508020e+02 0.000000e+00 1.205211e+00 1.495968e+02
3.136458e+02 0.000000e+00 6.560378e+00 3.070854e+02
4.522281e+00 0.000000e+00 1.205211e+00 3.317070e+00
-2.065051e+01 0.000000e+00 1.205211e+00 -2.185573e+01
2.364722e+02 0.000000e+00 6.560378e+00 2.299118e+02
4.379566e+01 0.000000e+00 6.560378e+00 3.723528e+01
2.412892e+02 0.000000e+00 -3.733535e+00 2.450227e+02
-5.248036e+00 0.000000e+00 1.205211e+00 -6.453248e+00
-3.255749e+02 0.000000e+00 -3.733535e+00 -3.218414e+02
7.601342e-01 0.000000e+00 1.205211e+00 -4.450773e-01
-6.289515e+01 0.000000e+00 1.205211e+00 -6.410036e+01
2.945769e+01 0.000000e+00 6.560378e+00 2.289731e+01
1.024659e+02 0.000000e+00 6.560378e+00 9.590550e+01
2.427689e+02 0.000000e+00 1.621632e+00 2.411473e+02
-2.700248e+02 0.000000e+00 6.560378e+00 -2.765852e+02
4.743990e+01 0.000000e+00 6.560378e+00 4.087952e+01
1.585740e+00 0.000000e+00 1.205211e+00 3.805281e-01
5.482730e-01 0.000000e+00 1.621632e+00 -1.073359e+00
1.240410e+00 0.000000e+00 1.205211e+00 3.519838e-02
-3.274313e+01 0.000000e+00 6.315704e+01 -9.590018e+01
-1.166440e+02 0.000000e+00 1.205211e+00 -1.178492e+02
3.185415e+02 0.000000e+00 6.315704e+01 2.553844e+02
9.118074e+00 0.000000e+00 6.315704e+01 -5.403897e+01
4.846933e+01 0.000000e+00 6.851221e+01 -2.004288e+01
9.885011e+01 0.000000e+00 6.315704e+01 3.569307e+01
-8.642585e+01 0.000000e+00 6.315704e+01 -1.495829e+02
5.144870e+01 0.000000e+00 6.315704e+01 -1.170834e+01
1.086140e+02 0.000000e+00 6.851221e+01 4.010181e+01
2.442762e+02 0.000000e+00 6.315704e+01 1.811191e+02
6.847424e+01 0.000000e+00 6.315704e+01 5.317201e+00
1.127108e+02 0.000000e+00 6.851221e+01 4.419861e+01
2.515418e+01 0.000000e+00 6.851221e+01 -4.335803e+01
1.812579e+02 0.000000e+00 6.851221e+01 1.127457e+02
1.042290e+02 0.000000e+00 6.851221e+01 3.571676e+01
2.340844e+02 0.000000e+00 6.851221e+01 1.655721e+02
1.254420e+02 0.000000e+00 6.022671e+01 6.521531e+01
4.061617e+02 0.000000e+00 6.558187e+01 3.405798e+02
6.776655e+01 0.000000e+00 6.022671e+01 7.539840e+00
6.525794e+01 0.000000e+00 6.022671e+01 5.031234e+00
6.608717e+00 0.000000e+00 6.558187e+01 -5.897316e+01
1.033172e+02 0.000000e+00 6.558187e+01 3.773537e+01
3.142283e+01 0.000000e+00 5.528796e+01 -2.386513e+01
3.170703e+01 0.000000e+00 6.022671e+01 -2.851968e+01
3.396520e+01 0.000000e+00 5.528796e+01 -2.132276e+01
-3.485233e+01 0.000000e+00 6.022671e+01 -9.507903e+01
-1.961978e+02 0.000000e+00 6.022671e+01 -2.564245e+02
4.998734e+00 0.000000e+00 6.558187e+01 -6.058314e+01
1.618930e+02 0.000000e+00 6.558187e+01 9.631112e+01
9.397683e+01 0.000000e+00 6.064313e+01 3.333370e+01
9.688348e+01 0.000000e+00 6.558187e+01 3.130161e+01
9.856704e+01 0.000000e+00 6.558187e+01 3.298516e+01
-7.758957e+01 0.000000e+00 6.022671e+01 -1.378163e+02
8.828610e+01 0.000000e+00 6.064313e+01 2.764297e+01
-3.786602e+01 0.000000e+00 6.022671e+01 -9.809272e+01
2.649777e+01 0.000000e+00 -1.725123e+00 2.822290e+01
1.763488e+02 0.000000e+00 6.022671e+01 1.161221e+02
1.513775e+02 0.000000e+00 -1.725123e+00 1.531026e+02
-3.059984e+00 0.000000e+00 -1.725123e+00 -1.334861e+00
3.104572e+00 0.000000e+00 3.630044e+00 -5.254720e-01
4.765053e+02 0.000000e+00 -1.725123e+00 4.782305e+02
-1.013052e+02 0.000000e+00 -1.725123e+00 -9.958006e+01
-4.028286e+02 0.000000e+00 -1.725123e+00 -4.011035e+02
-3.983758e+01 0.000000e+00 3.630044e+00 -4.346762e+01
3.127457e+00 0.000000e+00 -1.725123e+00 4.852580e+00
-2.286065e+02 0.000000e+00 -1.725123e+00 -2.268814e+02
3.407322e+00 0.000000e+00 3.630044e+00 -2.227223e-01
-1.987626e+02 0.000000e+00 3.630044e+00 -2.023927e+02
-2.449684e+02 0.000000e+00 3.630044e+00 -2.485985e+02
9.326672e+01 0.000000e+00 3.630044e+00 8.963668e+01
-1.200032e+02 0.000000e+00 3.630044e+00 -1.236332e+02
1.598736e+02 1.055217e+02 1.051166e+02 1.602787e+02
4.856978e+02 1.055217e+02 1.104718e+02 4.807477e+02
1.763172e+02 1.055217e+02 1.051166e+02 1.767223e+02
2.371472e+02 1.055217e+02 1.051166e+02 2.375522e+02
1.682738e+02 1.055217e+02 1.104718e+02 1.633237e+02
2.549749e+02 1.055217e+02 1.104718e+02 2.500248e+02
2.759865e+02 1.055217e+02 1.001778e+02 2.813303e+02
-2.494691e+01 1.055217e+02 1.051166e+02 -2.454183e+01
3.477356e+01 1.055217e+02 1.001778e+02 4.011738e+01
1.798101e+02 1.055217e+02 1.051166e+02 1.802152e+02
-2.782649e+01 1.055217e+02 1.051166e+02 -2.742142e+01
-4.178614e+01 1.055217e+02 1.051166e+02 -4.138107e+01
1.510801e+02 1.055217e+02 1.104718e+02 1.461300e+02
1.264862e+02 1.055217e+02 1.055330e+02 1.264748e+02
4.791470e+01 1.055217e+02 1.104718e+02 4.296460e+01
6.645224e+01 1.055217e+02 1.104718e+02 6.150215e+01
1.128085e+02 1.055217e+02 1.051166e+02 1.132135e+02
2.807207e+02 1.055217e+02 1.055330e+02 2.807094e+02
1.463194e+02 1.055217e+02 1.051166e+02 1.467245e+02
1.655507e+02 1.055217e+02 1.051166e+02 1.659558e+02
-1.441609e+01 1.055217e+02 1.021863e+02 -1.108068e+01
1.787123e+02 1.055217e+02 1.021863e+02 1.820478e+02
9.981175e+00 1.055217e+02 1.021863e+02 1.331659e+01
2.160681e+02 1.055217e+02 1.075414e+02 2.140483e+02
2.888185e+02 1.055217e+02 1.021863e+02 2.921540e+02
1.547970e+02 1.055217e+02 1.021863e+02 1.581324e+02
1.067503e+01 1.055217e+02 1.021863e+02 1.401044e+01
1.405093e+01 1.055217e+02 1.075414e+02 1.203117e+01
1.491693e+02 1.055217e+02 1.021863e+02 1.525047e+02
-1.222789e+02 1.055217e+02 1.021863e+02 -1.189435e+02
6.108356e+01 1.055217e+02 1.075414e+02 5.906380e+01
-1.472718e+02 1.055217e+02 1.075414e+02 -1.492915e+02
4.926549e+01 1.055217e+02 1.075414e+02 4.724574e+01
1.930848e+02 1.055217e+02 1.075414e+02 1.910650e+02
-2.766849e+01 1.055217e+02 1.075414e+02 -2.968825e+01
-9.071594e+00 0.000000e+00 -1.153359e+02 1.062643e+02
-1.720520e+02 0.000000e+00 -1.099807e+02 -6.207125e+01
-1.717950e+02 0.000000e+00 -1.153359e+02 -5.645907e+01
-2.577977e+02 0.000000e+00 -1.153359e+02 -1.424618e+02
6.819841e+01 0.000000e+00 -1.099807e+02 1.781791e+02
-2.111793e+02 0.000000e+00 -1.099807e+02 -1.011986e+02
-3.469729e+01 0.000000e+00 -1.202746e+02 8.557733e+01
1.969887e+01 0.000000e+00 -1.153359e+02 1.350347e+02
-3.603484e+02 0.000000e+00 -1.202746e+02 -2.400738e+02
-1.790500e+02 0.000000e+00 -1.153359e+02 -6.371413e+01
-3.506866e+01 0.000000e+00 -1.153359e+02 8.026722e+01
7.124384e+01 0.000000e+00 -1.153359e+02 1.865797e+02
-4.861418e+01 0.000000e+00 -1.099807e+02 6.136653e+01
1.162828e+02 0.000000e+00 -1.149195e+02 2.312022e+02
-3.179395e+02 0.000000e+00 -1.099807e+02 -2.079588e+02
-1.901234e+01 0.000000e+00 -1.099807e+02 9.096837e+01
-1.112227e+02 0.000000e+00 -1.153359e+02 4.113145e+00
-2.801725e+02 0.000000e+00 -1.149195e+02 -1.652530e+02
-1.450790e+02 0.000000e+00 -1.153359e+02 -2.974313e+01
-2.821947e+02 0.000000e+00 -1.153359e+02 -1.668588e+02
4.091386e+01 0.000000e+00 -1.182662e+02 1.591801e+02
-2.733486e+01 0.000000e+00 -1.182662e+02 9.093135e+01
-1.304116e+01 0.000000e+00 -1.182662e+02 1.052251e+02
-2.129635e+02 0.000000e+00 -1.129110e+02 -1.000524e+02
1.876868e+02 0.000000e+00 -1.182662e+02 3.059530e+02
-2.561022e+02 0.000000e+00 -1.182662e+02 -1.378360e+02
-4.135037e+02 0.000000e+00 -1.182662e+02 -2.952375e+02
-5.388851e+01 0.000000e+00 -1.129110e+02 5.902254e+01
-1.460419e+02 0.000000e+00 -1.182662e+02 -2.777564e+01
-1.063276e+02 0.000000e+00 -1.182662e+02 1.193860e+01
-5.767624e+01 0.000000e+00 -1.129110e+02 5.523481e+01
-5.149088e+01 0.000000e+00 -1.129110e+02 6.142016e+01
-2.942339e+02 0.000000e+00 -1.129110e+02 -1.813229e+02
-9.981804e+01 0.000000e+00 -1.129110e+02 1.309301e+01
-9.233467e+01 0.000000e+00 -1.129110e+02 2.057637e+01
9.071594e+00 0.000000e+00 1.157548e+02 -1.066832e+02
1.720520e+02 0.000000e+00 1.211100e+02 5.094197e+01
1.717950e+02 0.000000e+00 1.157548e+02 5.604013e+01
2.577977e+02 0.000000e+00 1.157548e+02 1.420428e+02
-6.819841e+01 0.000000e+00 1.211100e+02 -1.893084e+02
2.111793e+02 0.000000e+00 1.211100e+02 9.006929e+01
3.469729e+01 0.000000e+00 1.108161e+02 -7.611878e+01
-1.969887e+01 0.000000e+00 1.157548e+02 -1.354537e+02
3.603484e+02 0.000000e+00 1.108161e+02 2.495324e+02
1.790500e+02 0.000000e+00 1.157548e+02 6.329518e+01
3.506866e+01 0.000000e+00 1.157548e+02 -8.068616e+01
-7.124384e+01 0.000000e+00 1.157548e+02 -1.869987e+02
4.861418e+01 0.000000e+00 1.211100e+02 -7.249581e+01
-1.162828e+02 0.000000e+00 1.161712e+02 -2.324540e+02
3.179395e+02 0.000000e+00 1.211100e+02 1.968295e+02
1.901234e+01 0.000000e+00 1.211100e+02 -1.020976e+02
1.112227e+02 0.000000e+00 1.157548e+02 -4.532088e+00
2.801725e+02 0.000000e+00 1.161712e+02 1.640012e+02
1.450790e+02 0.000000e+00 1.157548e+02 2.932419e+01
2.821947e+02 0.000000e+00 1.157548e+02 1.664399e+02
-4.091386e+01 0.000000e+00 1.128245e+02 -1.537384e+02
2.733486e+01 0.000000e+00 1.128245e+02 -8.548962e+01
1.304116e+01 0.000000e+00 1.128245e+02 -9.978333e+01
2.129635e+02 0.000000e+00 1.181797e+02 9.478383e+01
-1.876868e+02 0.000000e+00 1.128245e+02 -3.005113e+02
2.561022e+02 0.000000e+00 1.128245e+02 1.432777e+02
4.135037e+02 0.000000e+00 1.128245e+02 3.006792e+02
5.388851e+01 0.000000e+00 1.181797e+02 -6.429115e+01
1.460419e+02 0.000000e+00 1.128245e+02 3.321737e+01
1.063276e+02 0.000000e+00 1.128245e+02 -6.496873e+00
5.767624e+01 0.000000e+00 1.181797e+02 -6.050341e+01
5.149088e+01 0.000000e+00 1.181797e+02 -6.668877e+01
2.942339e+02 0.000000e+00 1.181797e+02 1.760543e+02
9.981804e+01 0.000000e+00 1.181797e+02 -1.836161e+01
9.233467e+01 0.000000e+00 1.181797e+02 -2.584498e+01
-1.879129e+01 0.000000e+00 1.667420e+00 -2.045871e+01
4.604413e+00 0.000000e+00 7.022586e+00 -2.418173e+00
3.174856e+01 0.000000e+00 1.667420e+00 3.008114e+01
1.897425e+01 0.000000e+00 1.667420e+00 1.730683e+01
-1.472681e+01 0.000000e+00 7.022586e+00 -2.174940e+01
1.102455e+01 0.000000e+00 7.022586e+00 4.001968e+00
6.343819e+00 0.000000e+00 -3.271327e+00 9.615146e+00
-2.687121e+01 0.000000e+00 1.667420e+00 -2.853863e+01
3.373083e+01 0.000000e+00 -3.271327e+00 3.700216e+01
-4.987423e+00 0.000000e+00 1.667420e+00 -6.654843e+00
-9.632161e-01 0.000000e+00 1.667420e+00 -2.630636e+00
-1.531299e+01 0.000000e+00 1.667420e+00 -1.698041e+01
-2.788814e+01 0.000000e+00 7.022586e+00 -3.491073e+01
-4.039933e+01 0.000000e+00 2.083840e+00 -4.248317e+01
3.281208e+01 0.000000e+00 7.022586e+00 2.578949e+01
9.251382e-01 0.000000e+00 7.022586e+00 -6.097448e+00
-1.961859e+00 0.000000e+00 1.667420e+00 -3.629278e+00
2.885216e+00 0.000000e+00 2.083840e+00 8.013757e-01
-7.658647e-01 0.000000e+00 1.667420e+00 -2.433284e+00
1.904573e+01 0.000000e+00 1.667420e+00 1.737831e+01
-1.729277e+00 0.000000e+00 -1.262915e+00 -4.663623e-01
-2.387822e+00 0.000000e+00 -1.262915e+00 -1.124907e+00
-1.752415e+01 0.000000e+00 -1.262915e+00 -1.626124e+01
7.854636e+00 0.000000e+00 4.092252e+00 3.762384e+00
-1.965856e+01 0.000000e+00 -1.262915e+00 -1.839565e+01
3.693268e+01 0.000000e+00 -1.262915e+00 3.819559e+01
3.407345e+01 0.000000e+00 -1.262915e+00 3.533637e+01
2.200065e+00 0.000000e+00 4.092252e+00 -1.892187e+00
-1.005121e-01 0.000000e+00 -1.262915e+00 1.162403e+00
2.268534e+01 0.000000e+00 -1.262915e+00 2.394825e+01
-7.194915e+00 0.000000e+00 4.092252e+00 -1.128717e+01
8.527980e+00 0.000000e+00 4.092252e+00 4.435728e+00
3.282232e+01 0.000000e+00 4.092252e+00 2.873006e+01
8.956422e+00 0.000000e+00 4.092252e+00 4.864170e+00
2.750626e+01 0.000000e+00 4.092252e+00 2.341401e+01
