5.456504e+00 4.754547e+00 1.892065e+00 8.318985e+00
1.060708e+02 4.754547e+00 6.173468e+00 1.046519e+02
8.186086e-01 4.754547e+00 1.892065e+00 3.681090e+00
-1.340620e+02 4.754547e+00 1.892065e+00 -1.311995e+02
1.196465e+02 4.754547e+00 6.173468e+00 1.182276e+02
1.092985e+02 4.754547e+00 6.173468e+00 1.078796e+02
6.119364e+01 4.754547e+00 -2.741817e+00 6.869000e+01
1.156831e-01 4.754547e+00 1.892065e+00 2.978165e+00
3.777677e+01 4.754547e+00 -2.741817e+00 4.527313e+01
3.460430e-01 4.754547e+00 1.892065e+00 3.208525e+00
2.325295e+01 4.754547e+00 1.892065e+00 2.611543e+01
8.381598e+01 4.754547e+00 6.173468e+00 8.239706e+01
3.126862e+01 4.754547e+00 6.173468e+00 2.984970e+01
1.239745e+02 4.754547e+00 1.539586e+00 1.271895e+02
-5.897831e+00 4.754547e+00 6.173468e+00 -7.316752e+00
4.589705e+01 4.754547e+00 6.173468e+00 4.447813e+01
1.588896e+00 4.754547e+00 1.892065e+00 4.451378e+00
2.694694e-01 4.754547e+00 1.539586e+00 3.484431e+00
1.063698e+00 4.754547e+00 1.892065e+00 3.926180e+00
-3.185691e+01 0.000000e+00 -5.836497e-01 -3.127326e+01
6.513457e+01 4.754547e+00 1.892065e+00 6.799705e+01
1.473640e+01 0.000000e+00 -5.836497e-01 1.532005e+01
-7.205893e+00 0.000000e+00 -5.836497e-01 -6.622243e+00
6.448358e+01 0.000000e+00 3.697753e+00 6.078583e+01
7.972792e+01 0.000000e+00 -5.836497e-01 8.031157e+01
-7.067523e+00 0.000000e+00 -5.836497e-01 -6.483874e+00
2.589302e+01 0.000000e+00 -5.836497e-01 2.647667e+01
4.082749e+01 0.000000e+00 3.697753e+00 3.712974e+01
1.954876e+01 0.000000e+00 -5.836497e-01 2.013241e+01
-1.079739e+01 0.000000e+00 -5.836497e-01 -1.021374e+01
-2.458749e+01 0.000000e+00 3.697753e+00 -2.828524e+01
-2.673836e+01 0.000000e+00 3.697753e+00 -3.043611e+01
-6.106696e+00 0.000000e+00 3.697753e+00 -9.804449e+00
5.326737e+01 0.000000e+00 3.697753e+00 4.956962e+01
4.300342e+01 0.000000e+00 3.697753e+00 3.930567e+01
-2.324318e-02 0.000000e+00 2.858455e+00 -2.881698e+00
3.366472e+01 0.000000e+00 7.139857e+00 2.652486e+01
9.884731e+00 0.000000e+00 2.858455e+00 7.026276e+00
-7.011210e+00 0.000000e+00 2.858455e+00 -9.869665e+00
2.479285e+01 0.000000e+00 7.139857e+00 1.765299e+01
-1.574008e+00 0.000000e+00 7.139857e+00 -8.713866e+00
7.877891e+00 0.000000e+00 -1.775427e+00 9.653318e+00
-1.594495e+01 0.000000e+00 2.858455e+00 -1.880341e+01
1.993263e+01 0.000000e+00 -1.775427e+00 2.170806e+01
-6.718807e+01 0.000000e+00 2.858455e+00 -7.004652e+01
3.594880e+00 0.000000e+00 2.858455e+00 7.364249e-01
-3.887955e+00 0.000000e+00 7.139857e+00 -1.102781e+01
2.954318e+01 0.000000e+00 7.139857e+00 2.240332e+01
-2.350268e+01 0.000000e+00 2.505975e+00 -2.600865e+01
5.503212e+01 0.000000e+00 7.139857e+00 4.789226e+01
8.615927e+00 0.000000e+00 7.139857e+00 1.476070e+00
-8.105372e+00 0.000000e+00 2.858455e+00 -1.096383e+01
-7.706572e+00 0.000000e+00 2.505975e+00 -1.021255e+01
2.311019e+00 0.000000e+00 2.858455e+00 -5.474359e-01
1.124121e+01 4.754547e+00 5.334170e+00 1.066159e+01
1.204314e+01 0.000000e+00 2.858455e+00 9.184682e+00
7.236119e+01 4.754547e+00 5.334170e+00 7.178157e+01
2.984755e+00 4.754547e+00 5.334170e+00 2.405132e+00
8.694087e+00 4.754547e+00 9.615572e+00 3.833062e+00
8.338950e+01 4.754547e+00 5.334170e+00 8.280988e+01
3.600687e+01 4.754547e+00 5.334170e+00 3.542725e+01
1.003946e+02 4.754547e+00 5.334170e+00 9.981499e+01
6.827139e+01 4.754547e+00 9.615572e+00 6.341037e+01
3.854584e+00 4.754547e+00 5.334170e+00 3.274961e+00
-1.316247e+01 4.754547e+00 5.334170e+00 -1.374209e+01
9.342986e+01 4.754547e+00 9.615572e+00 8.856884e+01
1.751589e+02 4.754547e+00 9.615572e+00 1.702979e+02
-4.800461e+00 4.754547e+00 9.615572e+00 -9.661486e+00
1.115070e+02 4.754547e+00 9.615572e+00 1.066460e+02
-2.228113e+01 4.754547e+00 9.615572e+00 -2.714215e+01
-5.945630e+00 0.000000e+00 8.102706e+00 -1.404834e+01
4.204217e+01 0.000000e+00 1.238411e+01 2.965806e+01
3.233315e+01 0.000000e+00 8.102706e+00 2.423044e+01
-3.373537e+01 0.000000e+00 8.102706e+00 -4.183807e+01
-1.991620e+01 0.000000e+00 1.238411e+01 -3.230031e+01
3.927832e+01 0.000000e+00 1.238411e+01 2.689422e+01
2.217726e+01 0.000000e+00 3.468824e+00 1.870844e+01
-1.714424e+01 0.000000e+00 8.102706e+00 -2.524695e+01
2.104144e+01 0.000000e+00 3.468824e+00 1.757262e+01
-5.092270e+00 0.000000e+00 8.102706e+00 -1.319498e+01
7.563963e+00 0.000000e+00 8.102706e+00 -5.387426e-01
-2.246583e+01 0.000000e+00 8.102706e+00 -3.056853e+01
2.533718e+00 0.000000e+00 1.238411e+01 -9.850390e+00
-5.214748e+00 0.000000e+00 7.750226e+00 -1.296497e+01
2.213055e+00 0.000000e+00 1.238411e+01 -1.017105e+01
2.183564e+01 0.000000e+00 1.238411e+01 9.451532e+00
1.202296e+01 0.000000e+00 8.102706e+00 3.920251e+00
3.268866e+01 0.000000e+00 7.750226e+00 2.493843e+01
5.484509e+01 0.000000e+00 8.102706e+00 4.674238e+01
2.402323e+01 0.000000e+00 8.102706e+00 1.592052e+01
-1.975236e+01 0.000000e+00 1.154481e+01 -3.129717e+01
3.049545e+01 0.000000e+00 1.154481e+01 1.895064e+01
6.299614e+00 0.000000e+00 1.154481e+01 -5.245196e+00
1.867665e+02 0.000000e+00 1.582621e+01 1.709403e+02
5.448215e+01 0.000000e+00 1.154481e+01 4.293734e+01
2.893347e+01 0.000000e+00 1.154481e+01 1.738866e+01
4.652962e+00 0.000000e+00 1.154481e+01 -6.891848e+00
1.440129e+01 0.000000e+00 1.582621e+01 -1.424922e+00
5.108194e+01 0.000000e+00 1.154481e+01 3.953713e+01
1.640573e+00 0.000000e+00 1.154481e+01 -9.904237e+00
1.905847e+01 0.000000e+00 1.582621e+01 3.232262e+00
-1.220846e+01 0.000000e+00 1.582621e+01 -2.803468e+01
7.235493e+00 0.000000e+00 1.582621e+01 -8.590720e+00
1.145760e+01 0.000000e+00 1.582621e+01 -4.368611e+00
-2.597162e+01 0.000000e+00 1.582621e+01 -4.179784e+01
1.140213e+01 0.000000e+00 -7.695562e+00 1.909770e+01
6.402865e+01 0.000000e+00 -3.414160e+00 6.744281e+01
-3.151454e+01 0.000000e+00 -7.695562e+00 -2.381898e+01
-1.003266e+02 0.000000e+00 -7.695562e+00 -9.263106e+01
1.395627e+02 0.000000e+00 -3.414160e+00 1.429768e+02
7.002022e+01 0.000000e+00 -3.414160e+00 7.343438e+01
3.901638e+01 0.000000e+00 -1.232944e+01 5.134582e+01
1.725993e+01 0.000000e+00 -7.695562e+00 2.495549e+01
1.673533e+01 0.000000e+00 -1.232944e+01 2.906477e+01
5.438313e+00 0.000000e+00 -7.695562e+00 1.313387e+01
1.568899e+01 0.000000e+00 -7.695562e+00 2.338455e+01
1.062818e+02 0.000000e+00 -7.695562e+00 1.139774e+02
2.873490e+01 0.000000e+00 -3.414160e+00 3.214906e+01
1.291892e+02 0.000000e+00 -8.048042e+00 1.372373e+02
-8.110885e+00 0.000000e+00 -3.414160e+00 -4.696726e+00
2.406141e+01 0.000000e+00 -3.414160e+00 2.747557e+01
-1.043406e+01 0.000000e+00 -7.695562e+00 -2.738498e+00
-3.241919e+01 0.000000e+00 -8.048042e+00 -2.437115e+01
-5.378139e+01 0.000000e+00 -7.695562e+00 -4.608583e+01
4.111134e+01 0.000000e+00 -7.695562e+00 4.880690e+01
3.099357e+01 0.000000e+00 -4.253457e+00 3.524703e+01
4.186574e+01 0.000000e+00 -4.253457e+00 4.611920e+01
-3.314859e+00 0.000000e+00 -4.253457e+00 9.385982e-01
-1.780724e+02 0.000000e+00 2.794493e-02 -1.781003e+02
2.890735e+01 0.000000e+00 -4.253457e+00 3.316081e+01
7.073401e+00 0.000000e+00 -4.253457e+00 1.132686e+01
9.574165e+01 0.000000e+00 -4.253457e+00 9.999511e+01
5.387010e+01 0.000000e+00 2.794493e-02 5.384216e+01
-4.722736e+01 0.000000e+00 -4.253457e+00 -4.297390e+01
-1.480304e+01 0.000000e+00 -4.253457e+00 -1.054958e+01
7.437139e+01 0.000000e+00 2.794493e-02 7.434344e+01
1.873673e+02 0.000000e+00 2.794493e-02 1.873394e+02
-1.203595e+01 0.000000e+00 2.794493e-02 -1.206390e+01
1.000494e+02 0.000000e+00 2.794493e-02 1.000215e+02
3.690496e+00 0.000000e+00 2.794493e-02 3.662551e+00
-1.140213e+01 0.000000e+00 4.343303e+00 -1.574544e+01
-6.402865e+01 0.000000e+00 8.624705e+00 -7.265336e+01
3.151454e+01 0.000000e+00 4.343303e+00 2.717124e+01
1.003266e+02 0.000000e+00 4.343303e+00 9.598332e+01
-1.395627e+02 0.000000e+00 8.624705e+00 -1.481874e+02
-7.002022e+01 0.000000e+00 8.624705e+00 -7.864492e+01
-3.901638e+01 0.000000e+00 -2.905795e-01 -3.872580e+01
-1.725993e+01 0.000000e+00 4.343303e+00 -2.160323e+01
-1.673533e+01 0.000000e+00 -2.905795e-01 -1.644475e+01
-5.438313e+00 0.000000e+00 4.343303e+00 -9.781616e+00
-1.568899e+01 0.000000e+00 4.343303e+00 -2.003229e+01
-1.062818e+02 0.000000e+00 4.343303e+00 -1.106251e+02
-2.873490e+01 0.000000e+00 8.624705e+00 -3.735961e+01
-1.291892e+02 0.000000e+00 3.990823e+00 -1.331801e+02
8.110885e+00 0.000000e+00 8.624705e+00 -5.138197e-01
-2.406141e+01 0.000000e+00 8.624705e+00 -3.268611e+01
1.043406e+01 0.000000e+00 4.343303e+00 6.090758e+00
3.241919e+01 0.000000e+00 3.990823e+00 2.842837e+01
5.378139e+01 0.000000e+00 4.343303e+00 4.943809e+01
-4.111134e+01 0.000000e+00 4.343303e+00 -4.545464e+01
-3.099357e+01 0.000000e+00 7.785407e+00 -3.877898e+01
-4.186574e+01 0.000000e+00 7.785407e+00 -4.965115e+01
3.314859e+00 0.000000e+00 7.785407e+00 -4.470548e+00
1.780724e+02 0.000000e+00 1.206681e+01 1.660056e+02
-2.890735e+01 0.000000e+00 7.785407e+00 -3.669276e+01
-7.073401e+00 0.000000e+00 7.785407e+00 -1.485881e+01
-9.574165e+01 0.000000e+00 7.785407e+00 -1.035271e+02
-5.387010e+01 0.000000e+00 1.206681e+01 -6.593691e+01
4.722736e+01 0.000000e+00 7.785407e+00 3.944195e+01
1.480304e+01 0.000000e+00 7.785407e+00 7.017634e+00
-7.437139e+01 0.000000e+00 1.206681e+01 -8.643820e+01
-1.873673e+02 0.000000e+00 1.206681e+01 -1.994342e+02
1.203595e+01 0.000000e+00 1.206681e+01 -3.085587e-02
-1.000494e+02 0.000000e+00 1.206681e+01 -1.121162e+02
-3.690496e+00 0.000000e+00 1.206681e+01 -1.575731e+01
1.926666e+00 0.000000e+00 4.311994e+00 -2.385328e+00
-2.832255e+00 0.000000e+00 8.593396e+00 -1.142565e+01
5.692176e+00 0.000000e+00 4.311994e+00 1.380182e+00
1.549516e+01 0.000000e+00 4.311994e+00 1.118316e+01
-1.201824e+01 0.000000e+00 8.593396e+00 -2.061163e+01
-6.462927e+00 0.000000e+00 8.593396e+00 -1.505632e+01
4.658422e+00 0.000000e+00 -3.218880e-01 4.980311e+00
3.517524e+00 0.000000e+00 4.311994e+00 -7.944704e-01
1.338982e+00 0.000000e+00 -3.218880e-01 1.660870e+00
4.773583e+00 0.000000e+00 4.311994e+00 4.615892e-01
6.229817e+00 0.000000e+00 4.311994e+00 1.917823e+00
-7.419100e+00 0.000000e+00 4.311994e+00 -1.173109e+01
-2.610798e+00 0.000000e+00 8.593396e+00 -1.120419e+01
-1.894671e+01 0.000000e+00 3.959514e+00 -2.290623e+01
6.268099e+00 0.000000e+00 8.593396e+00 -2.325298e+00
2.943712e+00 0.000000e+00 8.593396e+00 -5.649685e+00
1.010979e+01 0.000000e+00 4.311994e+00 5.797794e+00
5.658065e+00 0.000000e+00 3.959514e+00 1.698551e+00
5.990499e+00 0.000000e+00 4.311994e+00 1.678505e+00
1.581611e+00 0.000000e+00 4.311994e+00 -2.730384e+00
-3.504734e+00 0.000000e+00 7.754099e+00 -1.125883e+01
-4.334809e+00 0.000000e+00 7.754099e+00 -1.208891e+01
1.271423e+01 0.000000e+00 7.754099e+00 4.960133e+00
6.513275e+01 0.000000e+00 1.203550e+01 5.309725e+01
1.162747e+01 0.000000e+00 7.754099e+00 3.873375e+00
3.640005e+00 0.000000e+00 7.754099e+00 -4.114093e+00
-3.611011e+00 0.000000e+00 7.754099e+00 -1.136511e+01
-6.950027e+00 0.000000e+00 1.203550e+01 -1.898553e+01
1.748625e+01 0.000000e+00 7.754099e+00 9.732151e+00
1.152744e+01 0.000000e+00 7.754099e+00 3.773339e+00
-4.156424e+00 0.000000e+00 1.203550e+01 -1.619192e+01
-1.228507e+01 0.000000e+00 1.203550e+01 -2.432057e+01
7.724151e+00 0.000000e+00 1.203550e+01 -4.311350e+00
-5.876588e-01 0.000000e+00 1.203550e+01 -1.262316e+01
9.883846e+00 0.000000e+00 1.203550e+01 -2.151655e+00
