1.799813e+01 0.000000e+00 3.352164e-01 1.766291e+01
1.266435e+02 0.000000e+00 3.620292e+00 1.230232e+02
4.791676e-01 0.000000e+00 3.352164e-01 1.439512e-01
-7.883089e+01 0.000000e+00 3.352164e-01 -7.916611e+01
1.806488e+02 0.000000e+00 3.620292e+00 1.770285e+02
3.674421e+01 0.000000e+00 3.620292e+00 3.312392e+01
-5.528345e+01 0.000000e+00 -2.979851e+00 -5.230360e+01
4.904971e+00 0.000000e+00 3.352164e-01 4.569754e+00
-2.255961e+02 0.000000e+00 -2.979851e+00 -2.226162e+02
1.349414e-01 0.000000e+00 3.352164e-01 -2.002750e-01
8.850095e+00 0.000000e+00 3.352164e-01 8.514878e+00
-8.175387e+01 0.000000e+00 3.620292e+00 -8.537416e+01
-1.835751e+01 0.000000e+00 3.620292e+00 -2.197780e+01
-5.094768e+01 0.000000e+00 3.052245e-01 -5.125290e+01
9.795280e+00 0.000000e+00 3.620292e+00 6.174988e+00
3.306765e+01 0.000000e+00 3.620292e+00 2.944736e+01
1.014672e+00 0.000000e+00 3.352164e-01 6.794560e-01
2.897853e-01 0.000000e+00 3.052245e-01 -1.543918e-02
-3.644520e-02 0.000000e+00 3.352164e-01 -3.716616e-01
9.527556e+00 -6.928696e+00 9.681571e+00 -7.082711e+00
6.953934e+00 0.000000e+00 3.352164e-01 6.618718e+00
1.065249e+02 -6.928696e+00 9.681571e+00 8.991463e+01
4.408424e+01 -6.928696e+00 9.681571e+00 2.747397e+01
8.249284e+01 -6.928696e+00 1.296665e+01 6.259750e+01
4.579814e+01 -6.928696e+00 9.681571e+00 2.918787e+01
-2.929840e+00 -6.928696e+00 9.681571e+00 -1.954011e+01
6.997824e+01 -6.928696e+00 9.681571e+00 5.336797e+01
-5.269171e+01 -6.928696e+00 1.296665e+01 -7.258706e+01
1.065314e+02 -6.928696e+00 9.681571e+00 8.992113e+01
2.620718e+01 -6.928696e+00 9.681571e+00 9.596910e+00
1.019500e+02 -6.928696e+00 1.296665e+01 8.205466e+01
5.891852e+01 -6.928696e+00 1.296665e+01 3.902317e+01
1.177282e+02 -6.928696e+00 1.296665e+01 9.783284e+01
1.121998e+02 -6.928696e+00 1.296665e+01 9.230449e+01
1.734722e+02 -6.928696e+00 1.296665e+01 1.535768e+02
-3.715992e+01 -6.928696e+00 7.665627e+00 -5.175424e+01
5.386201e+01 -6.928696e+00 1.095070e+01 3.598261e+01
-5.574696e+01 -6.928696e+00 7.665627e+00 -7.034128e+01
-5.915957e+01 -6.928696e+00 7.665627e+00 -7.375390e+01
2.669636e+01 -6.928696e+00 1.095070e+01 8.816960e+00
-1.964493e+01 -6.928696e+00 1.095070e+01 -3.752432e+01
-2.708080e+01 -6.928696e+00 4.350559e+00 -3.836006e+01
1.748467e+02 -6.928696e+00 7.665627e+00 1.602524e+02
-1.789444e+01 -6.928696e+00 4.350559e+00 -2.917369e+01
7.573534e+00 -6.928696e+00 7.665627e+00 -7.020789e+00
-6.621081e+01 -6.928696e+00 7.665627e+00 -8.080514e+01
-5.084078e+01 -6.928696e+00 1.095070e+01 -6.872017e+01
-7.173556e+01 -6.928696e+00 1.095070e+01 -8.961496e+01
9.505531e+01 -6.928696e+00 7.635635e+00 8.049098e+01
1.010392e+02 -6.928696e+00 1.095070e+01 8.315981e+01
1.101032e+01 -6.928696e+00 1.095070e+01 -6.869080e+00
4.712098e+01 -6.928696e+00 7.665627e+00 3.252666e+01
-4.849162e+01 -6.928696e+00 7.635635e+00 -6.305595e+01
-4.104845e+01 -6.928696e+00 7.665627e+00 -5.564277e+01
-1.732219e+02 0.000000e+00 -1.680727e+00 -1.715412e+02
2.625628e+01 -6.928696e+00 7.665627e+00 1.166195e+01
1.615860e+02 0.000000e+00 -1.680727e+00 1.632668e+02
-3.222134e+00 0.000000e+00 -1.680727e+00 -1.541406e+00
2.005437e+00 0.000000e+00 1.604348e+00 4.010888e-01
1.798334e+02 0.000000e+00 -1.680727e+00 1.815141e+02
1.725109e+01 0.000000e+00 -1.680727e+00 1.893182e+01
-5.574951e+01 0.000000e+00 -1.680727e+00 -5.406878e+01
4.875385e+01 0.000000e+00 1.604348e+00 4.714950e+01
-2.350995e+00 0.000000e+00 -1.680727e+00 -6.702679e-01
5.494033e+01 0.000000e+00 -1.680727e+00 5.662105e+01
2.856537e+02 0.000000e+00 1.604348e+00 2.840494e+02
1.697600e+02 0.000000e+00 1.604348e+00 1.681556e+02
8.870578e+00 0.000000e+00 1.604348e+00 7.266230e+00
8.072104e+01 0.000000e+00 1.604348e+00 7.911669e+01
-2.077976e+02 0.000000e+00 1.604348e+00 -2.094020e+02
7.925094e+01 3.574613e+01 5.043558e+01 6.456150e+01
8.874522e+01 3.574613e+01 5.372066e+01 7.077070e+01
7.222041e+01 3.574613e+01 5.043558e+01 5.753096e+01
-1.299537e+01 3.574613e+01 5.043558e+01 -2.768482e+01
1.128990e+02 3.574613e+01 5.372066e+01 9.492449e+01
7.246302e+01 3.574613e+01 5.372066e+01 5.448850e+01
6.634014e+00 3.574613e+01 4.712051e+01 -4.740366e+00
1.357175e+02 3.574613e+01 5.043558e+01 1.210281e+02
4.182098e+01 3.574613e+01 4.712051e+01 3.044660e+01
4.341313e+01 3.574613e+01 5.043558e+01 2.872368e+01
2.479025e+01 3.574613e+01 5.043558e+01 1.010080e+01
3.922569e+00 3.574613e+01 5.043558e+01 -1.076688e+01
-2.250032e+00 3.574613e+01 5.372066e+01 -2.022456e+01
8.401406e+00 3.574613e+01 5.040559e+01 -6.258050e+00
6.046432e+00 3.574613e+01 5.372066e+01 -1.192809e+01
-3.100211e+01 3.574613e+01 5.372066e+01 -4.897663e+01
9.605733e+01 3.574613e+01 5.043558e+01 8.136788e+01
7.290974e+01 3.574613e+01 5.040559e+01 5.825028e+01
6.780079e+01 3.574613e+01 5.043558e+01 5.311135e+01
5.535891e+01 3.574613e+01 5.043558e+01 4.066946e+01
-2.621423e+01 3.574613e+01 4.841964e+01 -3.888774e+01
5.739635e+01 3.574613e+01 4.841964e+01 4.472284e+01
-2.857727e+00 3.574613e+01 4.841964e+01 -1.553123e+01
1.202988e+02 3.574613e+01 5.170471e+01 1.043402e+02
8.469348e+01 3.574613e+01 4.841964e+01 7.201998e+01
-3.293450e+00 3.574613e+01 4.841964e+01 -1.596695e+01
4.659315e+01 3.574613e+01 4.841964e+01 3.391964e+01
4.927525e+01 3.574613e+01 5.170471e+01 3.331667e+01
7.588397e+01 3.574613e+01 4.841964e+01 6.321047e+01
1.017068e+02 3.574613e+01 4.841964e+01 8.903326e+01
9.401293e+01 3.574613e+01 5.170471e+01 7.805435e+01
1.180577e+02 3.574613e+01 5.170471e+01 1.020991e+02
1.424496e+02 3.574613e+01 5.170471e+01 1.264910e+02
5.725733e+01 3.574613e+01 5.170471e+01 4.129876e+01
1.387528e+02 3.574613e+01 5.170471e+01 1.227942e+02
-6.125282e+01 0.000000e+00 -4.765185e+01 -1.360097e+01
3.789829e+01 0.000000e+00 -4.436677e+01 8.226506e+01
-7.174124e+01 0.000000e+00 -4.765185e+01 -2.408939e+01
-6.583552e+01 0.000000e+00 -4.765185e+01 -1.818368e+01
6.774982e+01 0.000000e+00 -4.436677e+01 1.121166e+02
-3.571881e+01 0.000000e+00 -4.436677e+01 8.647962e+00
-6.191746e+01 0.000000e+00 -5.096692e+01 -1.095055e+01
-1.308125e+02 0.000000e+00 -4.765185e+01 -8.316068e+01
-2.674171e+02 0.000000e+00 -5.096692e+01 -2.164502e+02
-4.327819e+01 0.000000e+00 -4.765185e+01 4.373658e+00
-1.594015e+01 0.000000e+00 -4.765185e+01 3.171170e+01
-8.567644e+01 0.000000e+00 -4.765185e+01 -3.802459e+01
-1.610748e+01 0.000000e+00 -4.436677e+01 2.825930e+01
-5.934908e+01 0.000000e+00 -4.768184e+01 -1.166724e+01
3.748847e+00 0.000000e+00 -4.436677e+01 4.811562e+01
6.406977e+01 0.000000e+00 -4.436677e+01 1.084365e+02
-9.504266e+01 0.000000e+00 -4.765185e+01 -4.739081e+01
-7.261995e+01 0.000000e+00 -4.768184e+01 -2.493811e+01
-6.783724e+01 0.000000e+00 -4.765185e+01 -2.018539e+01
-4.840497e+01 0.000000e+00 -4.765185e+01 -7.531265e-01
-1.470077e+02 0.000000e+00 -4.966779e+01 -9.733987e+01
1.041897e+02 0.000000e+00 -4.966779e+01 1.538575e+02
-3.644061e-01 0.000000e+00 -4.966779e+01 4.930339e+01
-1.182934e+02 0.000000e+00 -4.638272e+01 -7.191066e+01
9.513990e+01 0.000000e+00 -4.966779e+01 1.448077e+02
2.054454e+01 0.000000e+00 -4.966779e+01 7.021233e+01
-1.023427e+02 0.000000e+00 -4.966779e+01 -5.267487e+01
-5.214037e-01 0.000000e+00 -4.638272e+01 4.586131e+01
-7.823497e+01 0.000000e+00 -4.966779e+01 -2.856717e+01
-4.676644e+01 0.000000e+00 -4.966779e+01 2.901356e+00
1.916408e+02 0.000000e+00 -4.638272e+01 2.380235e+02
5.170230e+01 0.000000e+00 -4.638272e+01 9.808501e+01
-1.335790e+02 0.000000e+00 -4.638272e+01 -8.719628e+01
2.346370e+01 0.000000e+00 -4.638272e+01 6.984641e+01
-3.465504e+02 0.000000e+00 -4.638272e+01 -3.001677e+02
6.125282e+01 0.000000e+00 4.795579e+01 1.329703e+01
-3.789829e+01 0.000000e+00 5.124087e+01 -8.913915e+01
7.174124e+01 0.000000e+00 4.795579e+01 2.378545e+01
6.583552e+01 0.000000e+00 4.795579e+01 1.787973e+01
-6.774982e+01 0.000000e+00 5.124087e+01 -1.189907e+02
3.571881e+01 0.000000e+00 5.124087e+01 -1.552206e+01
6.191746e+01 0.000000e+00 4.464072e+01 1.727674e+01
1.308125e+02 0.000000e+00 4.795579e+01 8.285674e+01
2.674171e+02 0.000000e+00 4.464072e+01 2.227764e+02
4.327819e+01 0.000000e+00 4.795579e+01 -4.677601e+00
1.594015e+01 0.000000e+00 4.795579e+01 -3.201564e+01
8.567644e+01 0.000000e+00 4.795579e+01 3.772065e+01
1.610748e+01 0.000000e+00 5.124087e+01 -3.513339e+01
5.934908e+01 0.000000e+00 4.792580e+01 1.142328e+01
-3.748847e+00 0.000000e+00 5.124087e+01 -5.498971e+01
-6.406977e+01 0.000000e+00 5.124087e+01 -1.153106e+02
9.504266e+01 0.000000e+00 4.795579e+01 4.708687e+01
7.261995e+01 0.000000e+00 4.792580e+01 2.469415e+01
6.783724e+01 0.000000e+00 4.795579e+01 1.988145e+01
4.840497e+01 0.000000e+00 4.795579e+01 4.491841e-01
1.470077e+02 0.000000e+00 4.593985e+01 1.010678e+02
-1.041897e+02 0.000000e+00 4.593985e+01 -1.501295e+02
3.644061e-01 0.000000e+00 4.593985e+01 -4.557544e+01
1.182934e+02 0.000000e+00 4.922492e+01 6.906845e+01
-9.513990e+01 0.000000e+00 4.593985e+01 -1.410797e+02
-2.054454e+01 0.000000e+00 4.593985e+01 -6.648439e+01
1.023427e+02 0.000000e+00 4.593985e+01 5.640281e+01
5.214037e-01 0.000000e+00 4.922492e+01 -4.870352e+01
7.823497e+01 0.000000e+00 4.593985e+01 3.229512e+01
4.676644e+01 0.000000e+00 4.593985e+01 8.265897e-01
-1.916408e+02 0.000000e+00 4.922492e+01 -2.408657e+02
-5.170230e+01 0.000000e+00 4.922492e+01 -1.009272e+02
1.335790e+02 0.000000e+00 4.922492e+01 8.435408e+01
-2.346370e+01 0.000000e+00 4.922492e+01 -7.268862e+01
3.465504e+02 0.000000e+00 4.922492e+01 2.973255e+02
-3.574738e+00 0.000000e+00 -2.061626e+00 -1.513112e+00
-1.600977e+01 0.000000e+00 1.223450e+00 -1.723321e+01
-1.660702e+00 0.000000e+00 -2.061626e+00 4.009232e-01
8.855675e+00 0.000000e+00 -2.061626e+00 1.091730e+01
-2.010748e+01 0.000000e+00 1.223450e+00 -2.133093e+01
1.253208e+01 0.000000e+00 1.223450e+00 1.130863e+01
6.905971e+00 0.000000e+00 -5.376693e+00 1.228266e+01
9.982063e+00 0.000000e+00 -2.061626e+00 1.204369e+01
1.542762e+01 0.000000e+00 -5.376693e+00 2.080432e+01
-2.997023e+00 0.000000e+00 -2.061626e+00 -9.353970e-01
-3.526276e+00 0.000000e+00 -2.061626e+00 -1.464651e+00
5.660511e+00 0.000000e+00 -2.061626e+00 7.722137e+00
-7.905173e+00 0.000000e+00 1.223450e+00 -9.128623e+00
-1.247420e+01 0.000000e+00 -2.091618e+00 -1.038258e+01
-5.439759e+00 0.000000e+00 1.223450e+00 -6.663209e+00
-1.869743e+01 0.000000e+00 1.223450e+00 -1.992088e+01
-6.564529e+00 0.000000e+00 -2.061626e+00 -4.502904e+00
4.590234e+00 0.000000e+00 -2.091618e+00 6.681852e+00
-6.456141e+00 0.000000e+00 -2.061626e+00 -4.394516e+00
2.889055e+00 0.000000e+00 -2.061626e+00 4.950681e+00
1.586433e+01 0.000000e+00 -4.077570e+00 1.994190e+01
-1.959798e+01 0.000000e+00 -4.077570e+00 -1.552041e+01
-1.575613e+01 0.000000e+00 -4.077570e+00 -1.167856e+01
7.009403e+00 0.000000e+00 -7.924942e-01 7.801898e+00
-1.115205e+01 0.000000e+00 -4.077570e+00 -7.074479e+00
-1.506133e+01 0.000000e+00 -4.077570e+00 -1.098376e+01
1.645801e+01 0.000000e+00 -4.077570e+00 2.053558e+01
-1.351839e+01 0.000000e+00 -7.924942e-01 -1.272590e+01
-2.540834e+01 0.000000e+00 -4.077570e+00 -2.133077e+01
7.566004e+00 0.000000e+00 -4.077570e+00 1.164357e+01
-3.405995e+01 0.000000e+00 -7.924942e-01 -3.326745e+01
-2.664755e+01 0.000000e+00 -7.924942e-01 -2.585506e+01
1.845663e+01 0.000000e+00 -7.924942e-01 1.924912e+01
-6.894138e+00 0.000000e+00 -7.924942e-01 -6.101644e+00
6.633952e+01 0.000000e+00 -7.924942e-01 6.713202e+01
