-3.937572e+01 -1.529531e-01 -5.778676e-01 -3.895081e+01
-4.677993e+01 -1.529531e-01 1.169955e-01 -4.704988e+01
-6.363815e-01 -1.529531e-01 -5.778676e-01 -2.114669e-01
-3.295090e+02 -1.529531e-01 -5.778676e-01 -3.290841e+02
-1.988291e+01 -1.529531e-01 1.169955e-01 -2.015286e+01
-4.450039e+01 -1.529531e-01 1.169955e-01 -4.477034e+01
-8.329396e+00 -1.529531e-01 -8.128180e-01 -7.669531e+00
-1.161830e+00 -1.529531e-01 -5.778676e-01 -7.369157e-01
-8.277683e+01 -1.529531e-01 -8.128180e-01 -8.211696e+01
-1.599114e-01 -1.529531e-01 -5.778676e-01 2.650031e-01
-5.150447e+01 -1.529531e-01 -5.778676e-01 -5.107955e+01
7.021729e+00 -1.529531e-01 1.169955e-01 6.751780e+00
-2.929262e+01 -1.529531e-01 1.169955e-01 -2.956257e+01
5.235516e+01 -1.529531e-01 -1.179549e-01 5.232017e+01
5.817913e+01 -1.529531e-01 1.169955e-01 5.790919e+01
-1.456929e+01 -1.529531e-01 1.169955e-01 -1.483923e+01
-8.470875e-01 -1.529531e-01 -5.778676e-01 -4.221730e-01
-1.348184e-01 -1.529531e-01 -1.179549e-01 -1.698166e-01
-4.019221e-02 -1.529531e-01 -5.778676e-01 3.847224e-01
-1.808734e+01 1.274660e+01 -3.161322e+01 2.627248e+01
-2.019608e+01 -1.529531e-01 -5.778676e-01 -1.977116e+01
-2.028902e+01 1.274660e+01 -3.161322e+01 2.407080e+01
-4.928964e+01 1.274660e+01 -3.161322e+01 -4.929818e+00
-4.553630e+01 1.274660e+01 -3.091835e+01 -1.871337e+00
-3.075109e+01 1.274660e+01 -3.161322e+01 1.360873e+01
-3.804835e+01 1.274660e+01 -3.161322e+01 6.311467e+00
-3.048224e+01 1.274660e+01 -3.161322e+01 1.387758e+01
-2.012955e+01 1.274660e+01 -3.091835e+01 2.353541e+01
-6.164677e+01 1.274660e+01 -3.161322e+01 -1.728695e+01
-7.790368e+01 1.274660e+01 -3.161322e+01 -3.354386e+01
-6.264513e+01 1.274660e+01 -3.091835e+01 -1.898017e+01
-2.995434e+01 1.274660e+01 -3.091835e+01 1.371062e+01
-4.840760e+01 1.274660e+01 -3.091835e+01 -4.742646e+00
-8.389209e+01 1.274660e+01 -3.091835e+01 -4.022713e+01
-5.702899e+01 1.274660e+01 -3.091835e+01 -1.336404e+01
-1.473084e+01 1.274660e+01 -3.134888e+01 2.936464e+01
-7.116212e+01 1.274660e+01 -3.065401e+01 -2.776150e+01
-3.566404e+01 1.274660e+01 -3.134888e+01 8.431444e+00
-2.683812e+01 1.274660e+01 -3.134888e+01 1.725736e+01
-2.980188e+01 1.274660e+01 -3.065401e+01 1.359873e+01
-6.562618e+01 1.274660e+01 -3.065401e+01 -2.222556e+01
-1.923159e+01 1.274660e+01 -3.158383e+01 2.509884e+01
-4.130645e+01 1.274660e+01 -3.134888e+01 2.789032e+00
-1.065690e+01 1.274660e+01 -3.158383e+01 3.367353e+01
-5.669781e+01 1.274660e+01 -3.134888e+01 -1.260233e+01
-1.057122e+01 1.274660e+01 -3.134888e+01 3.352426e+01
-1.645713e+01 1.274660e+01 -3.065401e+01 2.694349e+01
-8.932145e+00 1.274660e+01 -3.065401e+01 3.446847e+01
-7.561518e+01 1.274660e+01 -3.088896e+01 -3.197962e+01
1.517213e+01 1.274660e+01 -3.065401e+01 5.857275e+01
-1.166348e+01 1.274660e+01 -3.065401e+01 3.173713e+01
-2.345290e+01 1.274660e+01 -3.134888e+01 2.064258e+01
-5.057177e+01 1.274660e+01 -3.088896e+01 -6.936202e+00
-2.956606e+01 1.274660e+01 -3.134888e+01 1.452942e+01
8.029344e+01 -1.529531e-01 -3.135268e-01 8.045401e+01
-1.699223e+01 1.274660e+01 -3.134888e+01 2.710325e+01
6.436783e+00 -1.529531e-01 -3.135268e-01 6.597357e+00
-2.481916e-01 -1.529531e-01 -3.135268e-01 -8.761784e-02
4.412690e-01 -1.529531e-01 3.813363e-01 -9.302038e-02
-7.219355e+01 -1.529531e-01 -3.135268e-01 -7.203298e+01
-6.019582e+00 -1.529531e-01 -3.135268e-01 -5.859008e+00
2.289442e+01 -1.529531e-01 -3.135268e-01 2.305500e+01
1.458729e+01 -1.529531e-01 3.813363e-01 1.405301e+01
-1.419839e+00 -1.529531e-01 -3.135268e-01 -1.259265e+00
1.515008e+02 -1.529531e-01 -3.135268e-01 1.516614e+02
3.451929e+00 -1.529531e-01 3.813363e-01 2.917640e+00
-1.384107e+01 -1.529531e-01 3.813363e-01 -1.437536e+01
-2.997754e+01 -1.529531e-01 3.813363e-01 -3.051183e+01
4.473905e+01 -1.529531e-01 3.813363e-01 4.420476e+01
-3.263605e+01 -1.529531e-01 3.813363e-01 -3.317034e+01
-3.540452e+01 1.391681e+01 -3.447963e+01 1.299193e+01
-8.433180e+01 1.391681e+01 -3.378477e+01 -3.663022e+01
-4.774552e+01 1.391681e+01 -3.447963e+01 6.509212e-01
-7.242768e+01 1.391681e+01 -3.447963e+01 -2.403124e+01
-4.477742e+01 1.391681e+01 -3.378477e+01 2.924163e+00
-5.715195e+01 1.391681e+01 -3.378477e+01 -9.450367e+00
-1.941715e+01 1.391681e+01 -3.471458e+01 2.921425e+01
-3.444569e+01 1.391681e+01 -3.447963e+01 1.395076e+01
-2.013057e+01 1.391681e+01 -3.471458e+01 2.850082e+01
-4.683071e+01 1.391681e+01 -3.447963e+01 1.565729e+00
-2.730995e+01 1.391681e+01 -3.447963e+01 2.108650e+01
-3.888472e+01 1.391681e+01 -3.447963e+01 9.511722e+00
-3.814482e+01 1.391681e+01 -3.378477e+01 9.556761e+00
-2.945834e+01 1.391681e+01 -3.401972e+01 1.847819e+01
-6.981552e+01 1.391681e+01 -3.378477e+01 -2.211394e+01
-1.054574e+01 1.391681e+01 -3.378477e+01 3.715584e+01
-5.049272e+01 1.391681e+01 -3.447963e+01 -2.096277e+00
-5.331491e+01 1.391681e+01 -3.401972e+01 -5.378382e+00
-2.595392e+01 1.391681e+01 -3.447963e+01 2.244253e+01
-4.104593e+01 1.391681e+01 -3.447963e+01 7.350511e+00
9.734422e+00 1.391681e+01 -3.421529e+01 5.786652e+01
-3.043337e+01 1.391681e+01 -3.421529e+01 1.769873e+01
-2.307505e+01 1.391681e+01 -3.421529e+01 2.505706e+01
-3.590579e+01 1.391681e+01 -3.352043e+01 1.153145e+01
-6.111788e+01 1.391681e+01 -3.421529e+01 -1.298578e+01
-3.833214e+01 1.391681e+01 -3.421529e+01 9.799965e+00
-2.760503e+01 1.391681e+01 -3.421529e+01 2.052707e+01
-1.254119e+01 1.391681e+01 -3.352043e+01 3.489605e+01
-4.372271e+01 1.391681e+01 -3.421529e+01 4.409388e+00
-3.978611e+01 1.391681e+01 -3.421529e+01 8.345994e+00
-3.587011e+01 1.391681e+01 -3.352043e+01 1.156713e+01
-5.057399e+01 1.391681e+01 -3.352043e+01 -3.136747e+00
-4.149339e+01 1.391681e+01 -3.352043e+01 5.943847e+00
-5.081958e+01 1.391681e+01 -3.352043e+01 -3.382344e+00
-3.000570e+01 1.391681e+01 -3.352043e+01 1.743154e+01
-3.971205e+00 0.000000e+00 2.937151e+01 -3.334272e+01
3.755187e+01 0.000000e+00 3.006638e+01 7.485498e+00
4.710914e+01 0.000000e+00 2.937151e+01 1.773763e+01
-2.570813e+02 0.000000e+00 2.937151e+01 -2.864528e+02
2.489451e+01 0.000000e+00 3.006638e+01 -5.171866e+00
1.265156e+01 0.000000e+00 3.006638e+01 -1.741482e+01
1.108775e+01 0.000000e+00 2.913656e+01 -1.804881e+01
3.328386e+01 0.000000e+00 2.937151e+01 3.912344e+00
-6.264625e+01 0.000000e+00 2.913656e+01 -9.178281e+01
4.667080e+01 0.000000e+00 2.937151e+01 1.729929e+01
-2.419452e+01 0.000000e+00 2.937151e+01 -5.356603e+01
4.590645e+01 0.000000e+00 2.937151e+01 1.653494e+01
8.852200e+00 0.000000e+00 3.006638e+01 -2.121418e+01
8.181350e+01 0.000000e+00 2.983142e+01 5.198208e+01
1.279947e+02 0.000000e+00 3.006638e+01 9.792828e+01
-4.023550e+00 0.000000e+00 3.006638e+01 -3.408993e+01
4.964563e+01 0.000000e+00 2.937151e+01 2.027412e+01
5.318009e+01 0.000000e+00 2.983142e+01 2.334867e+01
2.591372e+01 0.000000e+00 2.937151e+01 -3.457788e+00
2.084985e+01 0.000000e+00 2.937151e+01 -8.521659e+00
7.055901e+01 0.000000e+00 2.963585e+01 4.092316e+01
3.687015e+01 0.000000e+00 2.963585e+01 7.234300e+00
2.282685e+01 0.000000e+00 2.963585e+01 -6.808999e+00
3.634706e+01 0.000000e+00 3.033072e+01 6.016345e+00
-1.107567e+01 0.000000e+00 2.963585e+01 -4.071153e+01
3.231256e+01 0.000000e+00 2.963585e+01 2.676703e+00
5.049945e+01 0.000000e+00 2.963585e+01 2.086360e+01
2.712848e+01 0.000000e+00 3.033072e+01 -3.202233e+00
4.230288e+01 0.000000e+00 2.963585e+01 1.266702e+01
1.912869e+02 0.000000e+00 2.963585e+01 1.616510e+02
3.932204e+01 0.000000e+00 3.033072e+01 8.991325e+00
3.673292e+01 0.000000e+00 3.033072e+01 6.402202e+00
1.151585e+01 0.000000e+00 3.033072e+01 -1.881486e+01
9.555863e+01 0.000000e+00 3.033072e+01 6.522792e+01
-2.630349e+00 0.000000e+00 3.033072e+01 -3.296106e+01
3.971205e+00 0.000000e+00 -2.985571e+01 3.382691e+01
-3.755187e+01 0.000000e+00 -2.916084e+01 -8.391031e+00
-4.710914e+01 0.000000e+00 -2.985571e+01 -1.725344e+01
2.570813e+02 0.000000e+00 -2.985571e+01 2.869370e+02
-2.489451e+01 0.000000e+00 -2.916084e+01 4.266333e+00
-1.265156e+01 0.000000e+00 -2.916084e+01 1.650928e+01
-1.108775e+01 0.000000e+00 -3.009066e+01 1.900290e+01
-3.328386e+01 0.000000e+00 -2.985571e+01 -3.428151e+00
6.264625e+01 0.000000e+00 -3.009066e+01 9.273691e+01
-4.667080e+01 0.000000e+00 -2.985571e+01 -1.681510e+01
2.419452e+01 0.000000e+00 -2.985571e+01 5.405023e+01
-4.590645e+01 0.000000e+00 -2.985571e+01 -1.605074e+01
-8.852200e+00 0.000000e+00 -2.916084e+01 2.030864e+01
-8.181350e+01 0.000000e+00 -2.939579e+01 -5.241771e+01
-1.279947e+02 0.000000e+00 -2.916084e+01 -9.883382e+01
4.023550e+00 0.000000e+00 -2.916084e+01 3.318439e+01
-4.964563e+01 0.000000e+00 -2.985571e+01 -1.978993e+01
-5.318009e+01 0.000000e+00 -2.939579e+01 -2.378430e+01
-2.591372e+01 0.000000e+00 -2.985571e+01 3.941981e+00
-2.084985e+01 0.000000e+00 -2.985571e+01 9.005852e+00
-7.055901e+01 0.000000e+00 -2.959136e+01 -4.096765e+01
-3.687015e+01 0.000000e+00 -2.959136e+01 -7.278788e+00
-2.282685e+01 0.000000e+00 -2.959136e+01 6.764510e+00
-3.634706e+01 0.000000e+00 -2.889650e+01 -7.450560e+00
1.107567e+01 0.000000e+00 -2.959136e+01 4.066704e+01
-3.231256e+01 0.000000e+00 -2.959136e+01 -2.721191e+00
-5.049945e+01 0.000000e+00 -2.959136e+01 -2.090809e+01
-2.712848e+01 0.000000e+00 -2.889650e+01 1.768018e+00
-4.230288e+01 0.000000e+00 -2.959136e+01 -1.271151e+01
-1.912869e+02 0.000000e+00 -2.959136e+01 -1.616955e+02
-3.932204e+01 0.000000e+00 -2.889650e+01 -1.042554e+01
-3.673292e+01 0.000000e+00 -2.889650e+01 -7.836417e+00
-1.151585e+01 0.000000e+00 -2.889650e+01 1.738065e+01
-9.555863e+01 0.000000e+00 -2.889650e+01 -6.666213e+01
2.630349e+00 0.000000e+00 -2.889650e+01 3.152685e+01
3.969891e+00 0.000000e+00 8.058796e-02 3.889303e+00
-7.341202e-01 0.000000e+00 7.754511e-01 -1.509571e+00
-2.100580e+00 0.000000e+00 8.058796e-02 -2.181168e+00
2.274445e+01 0.000000e+00 8.058796e-02 2.266387e+01
-8.605498e-01 0.000000e+00 7.754511e-01 -1.636001e+00
2.933842e+00 0.000000e+00 7.754511e-01 2.158391e+00
3.268898e+00 0.000000e+00 -1.543624e-01 3.423260e+00
-1.938207e+00 0.000000e+00 8.058796e-02 -2.018795e+00
3.994592e+00 0.000000e+00 -1.543624e-01 4.148954e+00
1.375952e+00 0.000000e+00 8.058796e-02 1.295364e+00
1.303684e+01 0.000000e+00 8.058796e-02 1.295625e+01
2.789480e+00 0.000000e+00 8.058796e-02 2.708892e+00
2.678646e+00 0.000000e+00 7.754511e-01 1.903195e+00
-8.669409e+00 0.000000e+00 5.405007e-01 -9.209910e+00
-7.702845e+00 0.000000e+00 7.754511e-01 -8.478296e+00
2.970768e+00 0.000000e+00 7.754511e-01 2.195317e+00
7.580789e-01 0.000000e+00 8.058796e-02 6.774909e-01
-1.423935e+00 0.000000e+00 5.405007e-01 -1.964435e+00
2.091562e+00 0.000000e+00 8.058796e-02 2.010974e+00
2.231606e+00 0.000000e+00 8.058796e-02 2.151018e+00
-4.923764e+00 0.000000e+00 3.449288e-01 -5.268693e+00
-1.595381e+00 0.000000e+00 3.449288e-01 -1.940310e+00
3.201661e+00 0.000000e+00 3.449288e-01 2.856732e+00
7.966658e+00 0.000000e+00 1.039792e+00 6.926866e+00
3.413069e+00 0.000000e+00 3.449288e-01 3.068140e+00
1.613690e+00 0.000000e+00 3.449288e-01 1.268761e+00
-6.722550e+00 0.000000e+00 3.449288e-01 -7.067479e+00
-3.031035e+00 0.000000e+00 1.039792e+00 -4.070827e+00
-3.008963e+00 0.000000e+00 3.449288e-01 -3.353892e+00
-1.033349e+01 0.000000e+00 3.449288e-01 -1.067842e+01
-1.337628e+00 0.000000e+00 1.039792e+00 -2.377420e+00
2.967781e+00 0.000000e+00 1.039792e+00 1.927989e+00
3.245176e+00 0.000000e+00 1.039792e+00 2.205384e+00
-1.503094e-02 0.000000e+00 1.039792e+00 -1.054823e+00
1.001021e+01 0.000000e+00 1.039792e+00 8.970418e+00
