-4.154420e+01 0.000000e+00 -1.091988e+00 -4.045222e+01
6.454021e+01 0.000000e+00 4.147547e+00 6.039267e+01
-2.952739e+00 0.000000e+00 -1.091988e+00 -1.860751e+00
5.895618e+02 0.000000e+00 -1.091988e+00 5.906538e+02
2.042869e+02 0.000000e+00 4.147547e+00 2.001394e+02
-1.003450e+03 0.000000e+00 4.147547e+00 -1.007597e+03
4.854014e+01 0.000000e+00 -5.963293e+00 5.450343e+01
-1.478265e+00 0.000000e+00 -1.091988e+00 -3.862763e-01
-5.815556e+02 0.000000e+00 -5.963293e+00 -5.755923e+02
1.245524e+00 0.000000e+00 -1.091988e+00 2.337513e+00
-1.964858e+02 0.000000e+00 -1.091988e+00 -1.953938e+02
1.928038e+02 0.000000e+00 4.147547e+00 1.886563e+02
-1.772546e+02 0.000000e+00 4.147547e+00 -1.814021e+02
1.160235e+02 0.000000e+00 -7.237581e-01 1.167472e+02
4.249830e+02 0.000000e+00 4.147547e+00 4.208355e+02
2.449460e+02 0.000000e+00 4.147547e+00 2.407985e+02
-4.171557e+00 0.000000e+00 -1.091988e+00 -3.079569e+00
-5.493296e-01 0.000000e+00 -7.237581e-01 1.744286e-01
2.957348e-01 0.000000e+00 -1.091988e+00 1.387723e+00
-9.737653e+01 0.000000e+00 -6.413375e+01 -3.324278e+01
-6.734035e+01 0.000000e+00 -1.091988e+00 -6.624837e+01
-2.388467e+02 0.000000e+00 -6.413375e+01 -1.747130e+02
-4.032111e+01 0.000000e+00 -6.413375e+01 2.381264e+01
1.184007e+02 0.000000e+00 -5.889421e+01 1.772949e+02
9.488274e+01 0.000000e+00 -6.413375e+01 1.590165e+02
-3.179115e+01 0.000000e+00 -6.413375e+01 3.234260e+01
1.356549e+02 0.000000e+00 -6.413375e+01 1.997886e+02
-7.604259e+01 0.000000e+00 -5.889421e+01 -1.714838e+01
-1.202498e+02 0.000000e+00 -6.413375e+01 -5.611604e+01
-4.989227e+01 0.000000e+00 -6.413375e+01 1.424148e+01
-1.335820e+02 0.000000e+00 -5.889421e+01 -7.468782e+01
-6.147661e+01 0.000000e+00 -5.889421e+01 -2.582398e+00
-4.069569e+02 0.000000e+00 -5.889421e+01 -3.480627e+02
-2.996473e+02 0.000000e+00 -5.889421e+01 -2.407531e+02
-5.790991e+02 0.000000e+00 -5.889421e+01 -5.202048e+02
1.462296e+02 0.000000e+00 -6.615658e+01 2.123862e+02
-3.969896e+01 0.000000e+00 -6.091704e+01 2.121808e+01
-1.650860e+02 0.000000e+00 -6.615658e+01 -9.892941e+01
-7.660046e+01 0.000000e+00 -6.615658e+01 -1.044388e+01
-3.040146e+02 0.000000e+00 -6.091704e+01 -2.430976e+02
-2.053367e+02 0.000000e+00 -6.091704e+01 -1.444196e+02
7.962472e+00 0.000000e+00 -7.102788e+01 7.899035e+01
-1.332995e+01 0.000000e+00 -6.615658e+01 5.282663e+01
-2.118952e+02 0.000000e+00 -7.102788e+01 -1.408673e+02
-1.800682e+02 0.000000e+00 -6.615658e+01 -1.139116e+02
-1.589505e+02 0.000000e+00 -6.615658e+01 -9.279394e+01
1.008796e+02 0.000000e+00 -6.091704e+01 1.617967e+02
1.059291e+02 0.000000e+00 -6.091704e+01 1.668461e+02
-1.782689e+02 0.000000e+00 -6.578835e+01 -1.124805e+02
-3.294991e+01 0.000000e+00 -6.091704e+01 2.796714e+01
3.931401e+01 0.000000e+00 -6.091704e+01 1.002310e+02
-2.142596e+02 0.000000e+00 -6.615658e+01 -1.481030e+02
-1.000882e+02 0.000000e+00 -6.578835e+01 -3.429982e+01
-2.161969e+02 0.000000e+00 -6.615658e+01 -1.500404e+02
5.623588e+02 0.000000e+00 -3.114815e+00 5.654736e+02
-2.843309e+01 0.000000e+00 -6.615658e+01 3.772349e+01
-1.552888e+02 0.000000e+00 -3.114815e+00 -1.521740e+02
-1.331042e+00 0.000000e+00 -3.114815e+00 1.783773e+00
3.822504e+00 0.000000e+00 2.124720e+00 1.697783e+00
-4.495752e+02 0.000000e+00 -3.114815e+00 -4.464603e+02
2.099194e+02 0.000000e+00 -3.114815e+00 2.130342e+02
2.770752e+02 0.000000e+00 -3.114815e+00 2.801900e+02
-1.611277e+02 0.000000e+00 2.124720e+00 -1.632525e+02
-6.233448e+00 0.000000e+00 -3.114815e+00 -3.118633e+00
3.218164e+02 0.000000e+00 -3.114815e+00 3.249313e+02
2.659999e+01 0.000000e+00 2.124720e+00 2.447527e+01
1.826573e+02 0.000000e+00 2.124720e+00 1.805326e+02
-1.449430e+01 0.000000e+00 2.124720e+00 -1.661902e+01
-3.953097e+02 0.000000e+00 2.124720e+00 -3.974344e+02
-1.384510e+02 0.000000e+00 2.124720e+00 -1.405757e+02
-1.278706e+02 0.000000e+00 -1.107419e+02 -1.712862e+01
-1.418081e+02 0.000000e+00 -1.055024e+02 -3.630572e+01
-1.715603e+02 0.000000e+00 -1.107419e+02 -6.081835e+01
-1.091303e+02 0.000000e+00 -1.107419e+02 1.611609e+00
-1.775058e+02 0.000000e+00 -1.055024e+02 -7.200343e+01
-9.062273e+01 0.000000e+00 -1.055024e+02 1.487968e+01
-1.095943e+02 0.000000e+00 -1.156133e+02 6.018978e+00
-8.753494e+01 0.000000e+00 -1.107419e+02 2.320701e+01
-1.822333e+02 0.000000e+00 -1.156133e+02 -6.662007e+01
-8.436474e+01 0.000000e+00 -1.107419e+02 2.637721e+01
-7.354585e+01 0.000000e+00 -1.107419e+02 3.719610e+01
-4.913408e+01 0.000000e+00 -1.107419e+02 6.160787e+01
-1.732183e+02 0.000000e+00 -1.055024e+02 -6.771591e+01
1.224074e+02 0.000000e+00 -1.103737e+02 2.327811e+02
-2.003488e+02 0.000000e+00 -1.055024e+02 -9.484639e+01
-6.189699e+01 0.000000e+00 -1.055024e+02 4.360542e+01
-2.473102e+02 0.000000e+00 -1.107419e+02 -1.365683e+02
-3.188191e+02 0.000000e+00 -1.103737e+02 -2.084454e+02
-1.481505e+02 0.000000e+00 -1.107419e+02 -3.740856e+01
-6.508405e+01 0.000000e+00 -1.107419e+02 4.565790e+01
-4.745375e+01 0.000000e+00 -1.127648e+02 6.531103e+01
-1.787931e+02 0.000000e+00 -1.127648e+02 -6.602835e+01
-4.878762e+01 0.000000e+00 -1.127648e+02 6.397716e+01
1.013179e+02 0.000000e+00 -1.075252e+02 2.088432e+02
-4.014053e+01 0.000000e+00 -1.127648e+02 7.262425e+01
-9.623839e+00 0.000000e+00 -1.127648e+02 1.031409e+02
1.491753e+02 0.000000e+00 -1.127648e+02 2.619400e+02
-1.090797e+02 0.000000e+00 -1.075252e+02 -1.554410e+00
-1.505392e+02 0.000000e+00 -1.127648e+02 -3.777441e+01
1.537335e+02 0.000000e+00 -1.127648e+02 2.664982e+02
9.949890e+01 0.000000e+00 -1.075252e+02 2.070241e+02
1.024008e+02 0.000000e+00 -1.075252e+02 2.099261e+02
-3.165763e+02 0.000000e+00 -1.075252e+02 -2.090510e+02
-5.534915e+02 0.000000e+00 -1.075252e+02 -4.459663e+02
-2.944164e+02 0.000000e+00 -1.075252e+02 -1.868911e+02
8.632636e+01 1.271295e+02 1.263557e+02 8.710013e+01
2.063483e+02 1.271295e+02 1.315952e+02 2.018826e+02
1.686076e+02 1.271295e+02 1.263557e+02 1.693813e+02
6.986922e+02 1.271295e+02 1.263557e+02 6.994660e+02
3.817928e+02 1.271295e+02 1.315952e+02 3.773270e+02
-9.128269e+02 1.271295e+02 1.315952e+02 -9.172927e+02
1.581344e+02 1.271295e+02 1.214844e+02 1.637795e+02
8.605668e+01 1.271295e+02 1.263557e+02 8.683044e+01
-3.993223e+02 1.271295e+02 1.214844e+02 -3.936772e+02
8.561026e+01 1.271295e+02 1.263557e+02 8.638402e+01
-1.229399e+02 1.271295e+02 1.263557e+02 -1.221662e+02
2.419379e+02 1.271295e+02 1.263557e+02 2.427116e+02
-4.036268e+00 1.271295e+02 1.315952e+02 -8.502039e+00
-6.383944e+00 1.271295e+02 1.267239e+02 -5.978410e+00
6.253318e+02 1.271295e+02 1.315952e+02 6.208660e+02
3.068430e+02 1.271295e+02 1.315952e+02 3.023772e+02
2.431387e+02 1.271295e+02 1.263557e+02 2.439124e+02
3.182697e+02 1.271295e+02 1.267239e+02 3.186753e+02
1.484463e+02 1.271295e+02 1.263557e+02 1.492200e+02
-2.256307e+00 1.271295e+02 1.263557e+02 -1.482543e+00
6.098126e+02 1.271295e+02 1.243329e+02 6.126092e+02
2.350431e+01 1.271295e+02 1.243329e+02 2.630090e+01
4.745657e+01 1.271295e+02 1.243329e+02 5.025316e+01
-9.749541e+01 1.271295e+02 1.295724e+02 -9.993836e+01
-4.094346e+02 1.271295e+02 1.243329e+02 -4.066380e+02
2.195433e+02 1.271295e+02 1.243329e+02 2.223399e+02
1.278999e+02 1.271295e+02 1.243329e+02 1.306965e+02
-5.204807e+01 1.271295e+02 1.295724e+02 -5.449102e+01
1.443057e+02 1.271295e+02 1.243329e+02 1.471023e+02
1.680830e+02 1.271295e+02 1.243329e+02 1.708796e+02
-7.289891e+01 1.271295e+02 1.295724e+02 -7.534185e+01
8.025647e+01 1.271295e+02 1.295724e+02 7.781353e+01
3.020819e+02 1.271295e+02 1.295724e+02 2.996390e+02
1.581819e+02 1.271295e+02 1.295724e+02 1.557389e+02
1.559654e+02 1.271295e+02 1.295724e+02 1.535224e+02
-8.632636e+01 0.000000e+00 -1.261361e+02 3.980972e+01
-2.063483e+02 0.000000e+00 -1.208965e+02 -8.545179e+01
-1.686076e+02 0.000000e+00 -1.261361e+02 -4.247148e+01
-6.986922e+02 0.000000e+00 -1.261361e+02 -5.725561e+02
-3.817928e+02 0.000000e+00 -1.208965e+02 -2.608962e+02
9.128269e+02 0.000000e+00 -1.208965e+02 1.033723e+03
-1.581344e+02 0.000000e+00 -1.310074e+02 -2.712703e+01
-8.605668e+01 0.000000e+00 -1.261361e+02 4.007941e+01
3.993223e+02 0.000000e+00 -1.310074e+02 5.303297e+02
-8.561026e+01 0.000000e+00 -1.261361e+02 4.052582e+01
1.229399e+02 0.000000e+00 -1.261361e+02 2.490760e+02
-2.419379e+02 0.000000e+00 -1.261361e+02 -1.158018e+02
4.036268e+00 0.000000e+00 -1.208965e+02 1.249328e+02
6.383944e+00 0.000000e+00 -1.257679e+02 1.321518e+02
-6.253318e+02 0.000000e+00 -1.208965e+02 -5.044352e+02
-3.068430e+02 0.000000e+00 -1.208965e+02 -1.859465e+02
-2.431387e+02 0.000000e+00 -1.261361e+02 -1.170026e+02
-3.182697e+02 0.000000e+00 -1.257679e+02 -1.925019e+02
-1.484463e+02 0.000000e+00 -1.261361e+02 -2.231017e+01
2.256307e+00 0.000000e+00 -1.261361e+02 1.283924e+02
-6.098126e+02 0.000000e+00 -1.281589e+02 -4.816537e+02
-2.350431e+01 0.000000e+00 -1.281589e+02 1.046546e+02
-4.745657e+01 0.000000e+00 -1.281589e+02 8.070234e+01
9.749541e+01 0.000000e+00 -1.229194e+02 2.204148e+02
4.094346e+02 0.000000e+00 -1.281589e+02 5.375935e+02
-2.195433e+02 0.000000e+00 -1.281589e+02 -9.138436e+01
-1.278999e+02 0.000000e+00 -1.281589e+02 2.589778e-01
5.204807e+01 0.000000e+00 -1.229194e+02 1.749674e+02
-1.443057e+02 0.000000e+00 -1.281589e+02 -1.614683e+01
-1.680830e+02 0.000000e+00 -1.281589e+02 -3.992407e+01
7.289891e+01 0.000000e+00 -1.229194e+02 1.958183e+02
-8.025647e+01 0.000000e+00 -1.229194e+02 4.266291e+01
-3.020819e+02 0.000000e+00 -1.229194e+02 -1.791626e+02
-1.581819e+02 0.000000e+00 -1.229194e+02 -3.526249e+01
-1.559654e+02 0.000000e+00 -1.229194e+02 -3.304600e+01
1.405647e+01 0.000000e+00 5.079754e-01 1.354850e+01
6.763202e+00 0.000000e+00 5.747511e+00 1.015691e+00
-1.419649e+01 0.000000e+00 5.079754e-01 -1.470447e+01
-5.751622e+01 0.000000e+00 5.079754e-01 -5.802420e+01
-4.771133e+01 0.000000e+00 5.747511e+00 -5.345884e+01
1.573723e+02 0.000000e+00 5.747511e+00 1.516248e+02
-2.070992e+00 0.000000e+00 -4.363330e+00 2.292338e+00
3.006277e+00 0.000000e+00 5.079754e-01 2.498301e+00
5.183787e+01 0.000000e+00 -4.363330e+00 5.620120e+01
2.265327e+01 0.000000e+00 5.079754e-01 2.214529e+01
5.333436e+01 0.000000e+00 5.079754e-01 5.282638e+01
1.274064e+01 0.000000e+00 5.079754e-01 1.223266e+01
1.749661e+01 0.000000e+00 5.747511e+00 1.174910e+01
1.596672e+01 0.000000e+00 8.762057e-01 1.509051e+01
-7.035120e+01 0.000000e+00 5.747511e+00 -7.609871e+01
-4.624791e+01 0.000000e+00 5.747511e+00 -5.199542e+01
9.143495e-01 0.000000e+00 5.079754e-01 4.063741e-01
-1.827898e+00 0.000000e+00 8.762057e-01 -2.704104e+00
1.758172e+01 0.000000e+00 5.079754e-01 1.707374e+01
2.655881e+01 0.000000e+00 5.079754e-01 2.605083e+01
-3.596331e+01 0.000000e+00 -1.514851e+00 -3.444846e+01
-1.481562e+01 0.000000e+00 -1.514851e+00 -1.330076e+01
3.907925e+00 0.000000e+00 -1.514851e+00 5.422776e+00
2.730044e+01 0.000000e+00 3.724684e+00 2.357576e+01
5.695089e+01 0.000000e+00 -1.514851e+00 5.846574e+01
4.127375e+00 0.000000e+00 -1.514851e+00 5.642226e+00
-1.603181e+01 0.000000e+00 -1.514851e+00 -1.451696e+01
-1.314026e+00 0.000000e+00 3.724684e+00 -5.038710e+00
-1.893776e+01 0.000000e+00 -1.514851e+00 -1.742291e+01
1.126051e+01 0.000000e+00 -1.514851e+00 1.277536e+01
1.790791e+01 0.000000e+00 3.724684e+00 1.418322e+01
-5.496283e+00 0.000000e+00 3.724684e+00 -9.220966e+00
-5.552918e+01 0.000000e+00 3.724684e+00 -5.925387e+01
9.479861e+00 0.000000e+00 3.724684e+00 5.755177e+00
3.245895e+00 0.000000e+00 3.724684e+00 -4.787892e-01
