5.073046e+01 -6.020599e-01 4.338933e-01 4.969451e+01
1.115467e+02 -6.020599e-01 2.169752e+00 1.087748e+02
7.675890e-01 -6.020599e-01 4.338933e-01 -2.683643e-01
-2.385002e+01 -6.020599e-01 4.338933e-01 -2.488598e+01
-2.118025e+01 -6.020599e-01 2.169752e+00 -2.395207e+01
8.231430e+01 -6.020599e-01 2.169752e+00 7.954249e+01
-2.033531e+01 -6.020599e-01 -2.134265e-01 -2.072395e+01
1.243760e+00 -6.020599e-01 4.338933e-01 2.078065e-01
-6.730276e+01 -6.020599e-01 -2.134265e-01 -6.769140e+01
2.568422e-01 -6.020599e-01 4.338933e-01 -7.791111e-01
3.424378e+01 -6.020599e-01 4.338933e-01 3.320782e+01
4.013808e+01 -6.020599e-01 2.169752e+00 3.736627e+01
8.983777e+01 -6.020599e-01 2.169752e+00 8.706596e+01
3.076421e+01 -6.020599e-01 1.522432e+00 2.863972e+01
-1.771617e+02 -6.020599e-01 2.169752e+00 -1.799335e+02
-3.649746e+01 -6.020599e-01 2.169752e+00 -3.926928e+01
8.298603e-01 -6.020599e-01 4.338933e-01 -2.060930e-01
3.502015e-01 -6.020599e-01 1.522432e+00 -1.774291e+00
2.268468e-01 -6.020599e-01 4.338933e-01 -8.091065e-01
2.568963e+01 2.227655e+01 3.797522e+01 9.990963e+00
-2.794826e+01 -6.020599e-01 4.338933e-01 -2.898421e+01
9.389397e+01 2.227655e+01 3.797522e+01 7.819531e+01
4.359832e+01 2.227655e+01 3.797522e+01 2.789965e+01
5.452688e+01 2.227655e+01 3.971108e+01 3.709235e+01
4.032900e+01 2.227655e+01 3.797522e+01 2.463034e+01
3.697359e+01 2.227655e+01 3.797522e+01 2.127493e+01
5.537493e+01 2.227655e+01 3.797522e+01 3.967627e+01
7.925440e+01 2.227655e+01 3.971108e+01 6.181988e+01
6.166892e+01 2.227655e+01 3.797522e+01 4.597025e+01
4.069567e+01 2.227655e+01 3.797522e+01 2.499701e+01
3.536484e+01 2.227655e+01 3.971108e+01 1.793032e+01
1.316581e+01 2.227655e+01 3.971108e+01 -4.268710e+00
6.509645e+01 2.227655e+01 3.971108e+01 4.766193e+01
8.206786e+01 2.227655e+01 3.971108e+01 6.463334e+01
7.545115e+01 2.227655e+01 3.971108e+01 5.801663e+01
5.701622e+01 2.227655e+01 3.784020e+01 4.145257e+01
1.249886e+02 2.227655e+01 3.957606e+01 1.076891e+02
1.903641e+01 2.227655e+01 3.784020e+01 3.472766e+00
-9.068643e+00 2.227655e+01 3.784020e+01 -2.463229e+01
3.391197e+01 2.227655e+01 3.957606e+01 1.661247e+01
1.650809e+01 2.227655e+01 3.957606e+01 -7.914130e-01
6.753107e+01 2.227655e+01 3.719288e+01 5.261474e+01
4.119231e+01 2.227655e+01 3.784020e+01 2.562866e+01
6.661151e+01 2.227655e+01 3.719288e+01 5.169519e+01
-2.189697e+01 2.227655e+01 3.784020e+01 -3.746061e+01
2.711276e+01 2.227655e+01 3.784020e+01 1.154911e+01
4.376680e+01 2.227655e+01 3.957606e+01 2.646730e+01
7.789123e+01 2.227655e+01 3.957606e+01 6.059173e+01
4.259045e+01 2.227655e+01 3.892874e+01 2.593827e+01
5.713619e+01 2.227655e+01 3.957606e+01 3.983668e+01
6.921569e+01 2.227655e+01 3.957606e+01 5.191619e+01
2.792734e+01 2.227655e+01 3.784020e+01 1.236370e+01
5.026744e+01 2.227655e+01 3.892874e+01 3.361526e+01
2.507966e+01 2.227655e+01 3.784020e+01 9.516010e+00
2.081470e+01 -6.020599e-01 2.988769e-01 1.991376e+01
5.893962e+01 2.227655e+01 3.784020e+01 4.337598e+01
1.519107e+01 -6.020599e-01 2.988769e-01 1.429014e+01
2.426587e+00 -6.020599e-01 2.988769e-01 1.525651e+00
2.074760e+00 -6.020599e-01 2.034736e+00 -5.620354e-01
2.773471e+02 -6.020599e-01 2.988769e-01 2.764462e+02
-2.170262e+01 -6.020599e-01 2.988769e-01 -2.260356e+01
-8.312240e+01 -6.020599e-01 2.988769e-01 -8.402333e+01
-6.191385e+01 -6.020599e-01 2.034736e+00 -6.455064e+01
3.870920e-01 -6.020599e-01 2.988769e-01 -5.138448e-01
-1.394747e+01 -6.020599e-01 2.988769e-01 -1.484840e+01
8.126703e+01 -6.020599e-01 2.034736e+00 7.863023e+01
-3.315124e+01 -6.020599e-01 2.034736e+00 -3.578804e+01
-8.510882e+01 -6.020599e-01 2.034736e+00 -8.774562e+01
-1.158487e+02 -6.020599e-01 2.034736e+00 -1.184855e+02
-1.110633e+02 -6.020599e-01 2.034736e+00 -1.137001e+02
2.700554e+01 0.000000e+00 3.520110e+01 -8.195555e+00
1.555498e+02 0.000000e+00 3.693695e+01 1.186128e+02
7.018221e+01 0.000000e+00 3.520110e+01 3.498112e+01
-2.541890e+00 0.000000e+00 3.520110e+01 -3.774299e+01
2.959106e+01 0.000000e+00 3.693695e+01 -7.345900e+00
6.189009e+01 0.000000e+00 3.693695e+01 2.495314e+01
3.449376e+01 0.000000e+00 3.455378e+01 -6.001199e-02
3.984152e+01 0.000000e+00 3.520110e+01 4.640427e+00
4.636343e+01 0.000000e+00 3.455378e+01 1.180965e+01
5.582321e+01 0.000000e+00 3.520110e+01 2.062211e+01
5.239606e+01 0.000000e+00 3.520110e+01 1.719496e+01
9.238370e+00 0.000000e+00 3.520110e+01 -2.596273e+01
7.258895e+01 0.000000e+00 3.693695e+01 3.565200e+01
3.376899e+01 0.000000e+00 3.628963e+01 -2.520642e+00
3.328787e+01 0.000000e+00 3.693695e+01 -3.649089e+00
2.252791e+01 0.000000e+00 3.693695e+01 -1.440905e+01
4.603661e+01 0.000000e+00 3.520110e+01 1.083551e+01
9.826298e+01 0.000000e+00 3.628963e+01 6.197335e+01
8.964714e+01 0.000000e+00 3.520110e+01 5.444605e+01
5.553201e+01 0.000000e+00 3.520110e+01 2.033091e+01
3.573830e+01 0.000000e+00 3.506608e+01 6.722217e-01
5.158848e+01 0.000000e+00 3.506608e+01 1.652240e+01
4.349286e+01 0.000000e+00 3.506608e+01 8.426784e+00
8.015850e+01 0.000000e+00 3.680194e+01 4.335656e+01
1.135766e+02 0.000000e+00 3.506608e+01 7.851054e+01
4.526721e+01 0.000000e+00 3.506608e+01 1.020113e+01
1.507394e+01 0.000000e+00 3.506608e+01 -1.999213e+01
4.135793e+00 0.000000e+00 3.680194e+01 -3.266615e+01
3.817631e+01 0.000000e+00 3.506608e+01 3.110226e+00
7.068464e+00 0.000000e+00 3.506608e+01 -2.799762e+01
3.516588e+01 0.000000e+00 3.680194e+01 -1.636059e+00
4.666593e+01 0.000000e+00 3.680194e+01 9.863990e+00
3.188739e+01 0.000000e+00 3.680194e+01 -4.914549e+00
-2.759953e+00 0.000000e+00 3.680194e+01 -3.956189e+01
-4.427327e+01 0.000000e+00 3.680194e+01 -8.107521e+01
2.372492e+01 0.000000e+00 -4.575333e+01 6.947825e+01
-4.400311e+01 0.000000e+00 -4.401747e+01 1.436108e-02
-6.941463e+01 0.000000e+00 -4.575333e+01 -2.366129e+01
-2.130813e+01 0.000000e+00 -4.575333e+01 2.444520e+01
-5.077131e+01 0.000000e+00 -4.401747e+01 -6.753837e+00
2.042421e+01 0.000000e+00 -4.401747e+01 6.444168e+01
-5.482908e+01 0.000000e+00 -4.640065e+01 -8.428426e+00
-3.859776e+01 0.000000e+00 -4.575333e+01 7.155568e+00
-1.136662e+02 0.000000e+00 -4.640065e+01 -6.726554e+01
-5.556637e+01 0.000000e+00 -4.575333e+01 -9.813035e+00
-1.815228e+01 0.000000e+00 -4.575333e+01 2.760105e+01
3.089971e+01 0.000000e+00 -4.575333e+01 7.665304e+01
1.724882e+01 0.000000e+00 -4.401747e+01 6.126629e+01
-3.004785e+00 0.000000e+00 -4.466479e+01 4.166001e+01
-2.104496e+02 0.000000e+00 -4.401747e+01 -1.664321e+02
-5.902537e+01 0.000000e+00 -4.401747e+01 -1.500790e+01
-4.520675e+01 0.000000e+00 -4.575333e+01 5.465818e-01
-9.791278e+01 0.000000e+00 -4.466479e+01 -5.324799e+01
-8.942030e+01 0.000000e+00 -4.575333e+01 -4.366696e+01
-8.348027e+01 0.000000e+00 -4.575333e+01 -3.772694e+01
-1.492360e+01 0.000000e+00 -4.588835e+01 3.096475e+01
-3.639741e+01 0.000000e+00 -4.588835e+01 9.490938e+00
-4.106628e+01 0.000000e+00 -4.588835e+01 4.822072e+00
-7.808374e+01 0.000000e+00 -4.415249e+01 -3.393125e+01
1.637705e+02 0.000000e+00 -4.588835e+01 2.096588e+02
-6.696983e+01 0.000000e+00 -4.588835e+01 -2.108148e+01
-9.819634e+01 0.000000e+00 -4.588835e+01 -5.230799e+01
-6.604964e+01 0.000000e+00 -4.415249e+01 -2.189715e+01
-3.778921e+01 0.000000e+00 -4.588835e+01 8.099135e+00
-2.101593e+01 0.000000e+00 -4.588835e+01 2.487242e+01
4.610115e+01 0.000000e+00 -4.415249e+01 9.025364e+01
-7.981717e+01 0.000000e+00 -4.415249e+01 -3.566468e+01
-1.169962e+02 0.000000e+00 -4.415249e+01 -7.284372e+01
-1.130887e+02 0.000000e+00 -4.415249e+01 -6.893624e+01
-6.678999e+01 0.000000e+00 -4.415249e+01 -2.263750e+01
-2.372492e+01 2.645959e+01 4.522045e+01 -4.248578e+01
4.400311e+01 2.645959e+01 4.695631e+01 2.350639e+01
6.941463e+01 2.645959e+01 4.522045e+01 5.065376e+01
2.130813e+01 2.645959e+01 4.522045e+01 2.547273e+00
5.077131e+01 2.645959e+01 4.695631e+01 3.027459e+01
-2.042421e+01 2.645959e+01 4.695631e+01 -4.092093e+01
5.482908e+01 2.645959e+01 4.457313e+01 3.671554e+01
3.859776e+01 2.645959e+01 4.522045e+01 1.983690e+01
1.136662e+02 2.645959e+01 4.457313e+01 9.555265e+01
5.556637e+01 2.645959e+01 4.522045e+01 3.680551e+01
1.815228e+01 2.645959e+01 4.522045e+01 -6.085784e-01
-3.089971e+01 2.645959e+01 4.522045e+01 -4.966057e+01
-1.724882e+01 2.645959e+01 4.695631e+01 -3.774554e+01
3.004785e+00 2.645959e+01 4.630899e+01 -1.684461e+01
2.104496e+02 2.645959e+01 4.695631e+01 1.899528e+02
5.902537e+01 2.645959e+01 4.695631e+01 3.852865e+01
4.520675e+01 2.645959e+01 4.522045e+01 2.644589e+01
9.791278e+01 2.645959e+01 4.630899e+01 7.806338e+01
8.942030e+01 2.645959e+01 4.522045e+01 7.065943e+01
8.348027e+01 2.645959e+01 4.522045e+01 6.471941e+01
1.492360e+01 2.645959e+01 4.508544e+01 -3.702242e+00
3.639741e+01 2.645959e+01 4.508544e+01 1.777157e+01
4.106628e+01 2.645959e+01 4.508544e+01 2.244043e+01
7.808374e+01 2.645959e+01 4.682129e+01 5.772203e+01
-1.637705e+02 2.645959e+01 4.508544e+01 -1.823963e+02
6.696983e+01 2.645959e+01 4.508544e+01 4.834398e+01
9.819634e+01 2.645959e+01 4.508544e+01 7.957050e+01
6.604964e+01 2.645959e+01 4.682129e+01 4.568794e+01
3.778921e+01 2.645959e+01 4.508544e+01 1.916337e+01
2.101593e+01 2.645959e+01 4.508544e+01 2.390086e+00
-4.610115e+01 2.645959e+01 4.682129e+01 -6.646285e+01
7.981717e+01 2.645959e+01 4.682129e+01 5.945547e+01
1.169962e+02 2.645959e+01 4.682129e+01 9.663451e+01
1.130887e+02 2.645959e+01 4.682129e+01 9.272702e+01
6.678999e+01 2.645959e+01 4.682129e+01 4.642829e+01
-1.094077e+01 0.000000e+00 1.530568e+00 -1.247134e+01
3.426083e+00 0.000000e+00 3.266427e+00 1.596559e-01
1.568707e+00 0.000000e+00 1.530568e+00 3.813891e-02
2.335054e+00 0.000000e+00 1.530568e+00 8.044863e-01
1.507324e+00 0.000000e+00 3.266427e+00 -1.759103e+00
-4.035377e+00 0.000000e+00 3.266427e+00 -7.301804e+00
1.016944e+01 0.000000e+00 8.832479e-01 9.286197e+00
2.085296e+00 0.000000e+00 1.530568e+00 5.547286e-01
7.388394e+00 0.000000e+00 8.832479e-01 6.505146e+00
-1.806956e+00 0.000000e+00 1.530568e+00 -3.337524e+00
-8.982343e-01 0.000000e+00 1.530568e+00 -2.428802e+00
-8.703417e+00 0.000000e+00 1.530568e+00 -1.023399e+01
-5.529269e+00 0.000000e+00 3.266427e+00 -8.795695e+00
-4.431372e+00 0.000000e+00 2.619107e+00 -7.050479e+00
2.026455e+01 0.000000e+00 3.266427e+00 1.699812e+01
7.436051e+00 0.000000e+00 3.266427e+00 4.169624e+00
-6.342137e-02 0.000000e+00 1.530568e+00 -1.593989e+00
5.201368e+00 0.000000e+00 2.619107e+00 2.582261e+00
-5.951894e+00 0.000000e+00 1.530568e+00 -7.482461e+00
6.970882e+00 0.000000e+00 1.530568e+00 5.440314e+00
-4.958855e+00 0.000000e+00 1.395551e+00 -6.354407e+00
6.668048e-01 0.000000e+00 1.395551e+00 -7.287466e-01
2.382134e+00 0.000000e+00 1.395551e+00 9.865830e-01
1.184774e+01 0.000000e+00 3.131410e+00 8.716328e+00
-1.624476e+01 0.000000e+00 1.395551e+00 -1.764031e+01
1.263305e+01 0.000000e+00 1.395551e+00 1.123750e+01
5.031235e+00 0.000000e+00 1.395551e+00 3.635684e+00
7.778574e+00 0.000000e+00 3.131410e+00 4.647164e+00
-2.954841e+00 0.000000e+00 1.395551e+00 -4.350392e+00
7.290219e+00 0.000000e+00 1.395551e+00 5.894667e+00
-1.048609e+01 0.000000e+00 3.131410e+00 -1.361750e+01
8.292995e+00 0.000000e+00 3.131410e+00 5.161584e+00
2.593056e+01 0.000000e+00 3.131410e+00 2.279915e+01
6.990492e+00 0.000000e+00 3.131410e+00 3.859082e+00
1.544431e+01 0.000000e+00 3.131410e+00 1.231290e+01
