3.810559e+01 -1.079638e+00 -2.283509e+00 3.930947e+01
-1.913037e+01 -1.079638e+00 8.915743e+00 -2.912575e+01
-2.559654e+00 -1.079638e+00 -2.283509e+00 -1.355782e+00
-7.914569e+02 -1.079638e+00 -2.283509e+00 -7.902530e+02
-3.954825e+02 -1.079638e+00 8.915743e+00 -4.054779e+02
-3.613716e+02 -1.079638e+00 8.915743e+00 -3.713669e+02
1.645612e+02 -1.079638e+00 -1.067247e+01 1.741540e+02
-6.297749e-01 -1.079638e+00 -2.283509e+00 5.740966e-01
-3.648580e+00 -1.079638e+00 -1.067247e+01 5.944251e+00
-1.622349e+00 -1.079638e+00 -2.283509e+00 -4.184777e-01
-4.941990e+02 -1.079638e+00 -2.283509e+00 -4.929951e+02
1.908250e+02 -1.079638e+00 8.915743e+00 1.808296e+02
-2.839694e+02 -1.079638e+00 8.915743e+00 -2.939648e+02
2.327302e+02 -1.079638e+00 5.267830e-01 2.311238e+02
-5.665083e+01 -1.079638e+00 8.915743e+00 -6.664621e+01
-2.432275e+02 -1.079638e+00 8.915743e+00 -2.532229e+02
-2.501219e+00 -1.079638e+00 -2.283509e+00 -1.297347e+00
4.881978e-01 -1.079638e+00 5.267830e-01 -1.118223e+00
-2.928357e+00 -1.079638e+00 -2.283509e+00 -1.724486e+00
-2.410325e+02 4.059056e+01 -1.003874e+02 -1.000546e+02
1.918729e+01 -1.079638e+00 -2.283509e+00 2.039116e+01
2.555906e+01 4.059056e+01 -1.003874e+02 1.665370e+02
-9.451655e+01 4.059056e+01 -1.003874e+02 4.646139e+01
-1.906616e+02 4.059056e+01 -8.918813e+01 -6.088289e+01
-9.468286e+01 4.059056e+01 -1.003874e+02 4.629508e+01
-2.155514e+02 4.059056e+01 -1.003874e+02 -7.457342e+01
-2.524539e+02 4.059056e+01 -1.003874e+02 -1.114759e+02
3.858669e+01 4.059056e+01 -8.918813e+01 1.683654e+02
-9.736423e+01 4.059056e+01 -1.003874e+02 4.361371e+01
-4.414536e+02 4.059056e+01 -1.003874e+02 -3.004757e+02
-1.020129e+02 4.059056e+01 -8.918813e+01 2.776576e+01
1.176779e+02 4.059056e+01 -8.918813e+01 2.474565e+02
1.838079e+01 4.059056e+01 -8.918813e+01 1.481595e+02
-2.113180e+02 4.059056e+01 -8.918813e+01 -8.153933e+01
2.176358e+02 4.059056e+01 -8.918813e+01 3.474145e+02
-1.630981e+02 4.059056e+01 -1.067534e+02 -1.575413e+01
-3.128440e+01 4.059056e+01 -9.555411e+01 1.048603e+02
-5.590836e+01 4.059056e+01 -1.067534e+02 9.143557e+01
-8.456294e+01 4.059056e+01 -1.067534e+02 6.278098e+01
-2.588339e+02 4.059056e+01 -9.555411e+01 -1.226893e+02
-5.767815e+00 4.059056e+01 -9.555411e+01 1.303769e+02
-9.259554e+01 4.059056e+01 -1.151423e+02 6.313734e+01
-1.519579e+02 4.059056e+01 -1.067534e+02 -4.613946e+00
-1.205627e+02 4.059056e+01 -1.151423e+02 3.517022e+01
-2.399427e+02 4.059056e+01 -1.067534e+02 -9.259879e+01
-3.534176e+02 4.059056e+01 -1.067534e+02 -2.060736e+02
1.040906e+02 4.059056e+01 -9.555411e+01 2.402353e+02
-6.333904e+01 4.059056e+01 -9.555411e+01 7.280563e+01
-2.556994e+01 4.059056e+01 -1.039431e+02 1.189637e+02
-9.633202e+00 4.059056e+01 -9.555411e+01 1.265115e+02
-2.136102e+02 4.059056e+01 -9.555411e+01 -7.746551e+01
-9.043945e+01 4.059056e+01 -1.067534e+02 5.690448e+01
-1.606356e+02 4.059056e+01 -1.039431e+02 -1.610199e+01
-2.631647e+02 4.059056e+01 -1.067534e+02 -1.158208e+02
-3.213261e+02 -1.079638e+00 -8.649493e+00 -3.137563e+02
-8.411407e+00 4.059056e+01 -1.067534e+02 1.389325e+02
-3.966765e+02 -1.079638e+00 -8.649493e+00 -3.891066e+02
-1.162409e+01 -1.079638e+00 -8.649493e+00 -4.054234e+00
-5.583493e-01 -1.079638e+00 2.549760e+00 -4.187747e+00
2.372405e+01 -1.079638e+00 -8.649493e+00 3.129391e+01
5.411064e+01 -1.079638e+00 -8.649493e+00 6.168050e+01
-3.942191e+02 -1.079638e+00 -8.649493e+00 -3.866492e+02
-1.859528e+02 -1.079638e+00 2.549760e+00 -1.895822e+02
-5.472626e+00 -1.079638e+00 -8.649493e+00 2.097228e+00
-2.490541e+02 -1.079638e+00 -8.649493e+00 -2.414843e+02
-4.375429e+02 -1.079638e+00 2.549760e+00 -4.411723e+02
-1.725275e+02 -1.079638e+00 2.549760e+00 -1.761569e+02
-3.178128e+02 -1.079638e+00 2.549760e+00 -3.214422e+02
-1.689297e+02 -1.079638e+00 2.549760e+00 -1.725591e+02
1.019720e+02 -1.079638e+00 2.549760e+00 9.834263e+01
-4.407148e+01 3.612428e+01 -8.944729e+01 8.150009e+01
1.807629e+01 3.612428e+01 -7.824804e+01 1.324486e+02
-1.130960e+02 3.612428e+01 -8.944729e+01 1.247556e+01
-9.575005e+01 3.612428e+01 -8.944729e+01 2.982152e+01
-3.698680e+02 3.612428e+01 -7.824804e+01 -2.554956e+02
-1.666752e+02 3.612428e+01 -7.824804e+01 -5.230284e+01
1.413537e+02 3.612428e+01 -9.783625e+01 2.753142e+02
2.367378e+00 3.612428e+01 -8.944729e+01 1.279390e+02
-1.620813e+02 3.612428e+01 -9.783625e+01 -2.812075e+01
-2.205283e+02 3.612428e+01 -8.944729e+01 -9.495670e+01
-5.399084e+02 3.612428e+01 -8.944729e+01 -4.143369e+02
2.266808e+01 3.612428e+01 -8.944729e+01 1.482397e+02
-1.699871e+02 3.612428e+01 -7.824804e+01 -5.561474e+01
-4.139293e+01 3.612428e+01 -8.663700e+01 8.136835e+01
1.906366e+01 3.612428e+01 -7.824804e+01 1.334360e+02
1.953995e+02 3.612428e+01 -7.824804e+01 3.097719e+02
-5.820375e+01 3.612428e+01 -8.944729e+01 6.736783e+01
3.552981e+01 3.612428e+01 -8.663700e+01 1.582911e+02
-1.022217e+02 3.612428e+01 -8.944729e+01 2.334987e+01
-6.566739e+00 3.612428e+01 -8.944729e+01 1.190048e+02
-2.949394e+02 3.612428e+01 -9.581327e+01 -1.630018e+02
5.303350e+01 3.612428e+01 -9.581327e+01 1.849711e+02
-1.321622e+02 3.612428e+01 -9.581327e+01 -2.246148e-01
-9.476146e+01 3.612428e+01 -8.461402e+01 2.597684e+01
-3.790914e+01 3.612428e+01 -9.581327e+01 9.402841e+01
3.379659e+01 3.612428e+01 -9.581327e+01 1.657341e+02
-2.639154e+02 3.612428e+01 -9.581327e+01 -1.319778e+02
-5.527633e+01 3.612428e+01 -8.461402e+01 6.546197e+01
-8.449420e+01 3.612428e+01 -9.581327e+01 4.744335e+01
-2.681414e+02 3.612428e+01 -9.581327e+01 -1.362039e+02
-1.770879e+02 3.612428e+01 -8.461402e+01 -5.634957e+01
1.192799e+02 3.612428e+01 -8.461402e+01 2.400182e+02
-1.143334e+02 3.612428e+01 -8.461402e+01 6.404861e+00
-2.277094e+02 3.612428e+01 -8.461402e+01 -1.069711e+02
-9.697384e+01 3.612428e+01 -8.461402e+01 2.376446e+01
8.217708e+01 0.000000e+00 3.825841e+01 4.391867e+01
-3.720666e+01 0.000000e+00 4.945766e+01 -8.666432e+01
1.105364e+02 0.000000e+00 3.825841e+01 7.227794e+01
-6.957068e+02 0.000000e+00 3.825841e+01 -7.339653e+02
-2.561452e+01 0.000000e+00 4.945766e+01 -7.507219e+01
-1.946964e+02 0.000000e+00 4.945766e+01 -2.441541e+02
2.320749e+01 0.000000e+00 2.986945e+01 -6.661962e+00
-2.997153e+00 0.000000e+00 3.825841e+01 -4.125556e+01
1.584327e+02 0.000000e+00 2.986945e+01 1.285632e+02
2.189059e+02 0.000000e+00 3.825841e+01 1.806475e+02
4.570944e+01 0.000000e+00 3.825841e+01 7.451032e+00
1.681569e+02 0.000000e+00 3.825841e+01 1.298985e+02
-1.139824e+02 0.000000e+00 4.945766e+01 -1.634400e+02
2.741231e+02 0.000000e+00 4.106870e+01 2.330544e+02
-7.571449e+01 0.000000e+00 4.945766e+01 -1.251722e+02
-4.386270e+02 0.000000e+00 4.945766e+01 -4.880847e+02
5.570253e+01 0.000000e+00 3.825841e+01 1.744412e+01
-3.504161e+01 0.000000e+00 4.106870e+01 -7.611031e+01
9.929334e+01 0.000000e+00 3.825841e+01 6.103493e+01
2.575403e+01 0.000000e+00 3.825841e+01 -1.250438e+01
-2.638674e+01 0.000000e+00 3.189243e+01 -5.827917e+01
-4.497100e+02 0.000000e+00 3.189243e+01 -4.816024e+02
1.205381e+02 0.000000e+00 3.189243e+01 8.864565e+01
9.420311e+01 0.000000e+00 4.309168e+01 5.111143e+01
6.163319e+01 0.000000e+00 3.189243e+01 2.974077e+01
2.031405e+01 0.000000e+00 3.189243e+01 -1.157837e+01
-1.303037e+02 0.000000e+00 3.189243e+01 -1.621962e+02
-1.306765e+02 0.000000e+00 4.309168e+01 -1.737682e+02
7.902158e+01 0.000000e+00 3.189243e+01 4.712915e+01
1.908735e+01 0.000000e+00 3.189243e+01 -1.280508e+01
-2.604550e+02 0.000000e+00 4.309168e+01 -3.035467e+02
-2.918075e+02 0.000000e+00 4.309168e+01 -3.348991e+02
-2.034794e+02 0.000000e+00 4.309168e+01 -2.465710e+02
5.877972e+01 0.000000e+00 4.309168e+01 1.568804e+01
1.989459e+02 0.000000e+00 4.309168e+01 1.558542e+02
-8.217708e+01 0.000000e+00 -3.736086e+01 -4.481622e+01
3.720666e+01 0.000000e+00 -2.616161e+01 6.336827e+01
-1.105364e+02 0.000000e+00 -3.736086e+01 -7.317549e+01
6.957068e+02 0.000000e+00 -3.736086e+01 7.330677e+02
2.561452e+01 0.000000e+00 -2.616161e+01 5.177613e+01
1.946964e+02 0.000000e+00 -2.616161e+01 2.208580e+02
-2.320749e+01 0.000000e+00 -4.574982e+01 2.254233e+01
2.997153e+00 0.000000e+00 -3.736086e+01 4.035801e+01
-1.584327e+02 0.000000e+00 -4.574982e+01 -1.126829e+02
-2.189059e+02 0.000000e+00 -3.736086e+01 -1.815451e+02
-4.570944e+01 0.000000e+00 -3.736086e+01 -8.348582e+00
-1.681569e+02 0.000000e+00 -3.736086e+01 -1.307960e+02
1.139824e+02 0.000000e+00 -2.616161e+01 1.401440e+02
-2.741231e+02 0.000000e+00 -3.455057e+01 -2.395725e+02
7.571449e+01 0.000000e+00 -2.616161e+01 1.018761e+02
4.386270e+02 0.000000e+00 -2.616161e+01 4.647886e+02
-5.570253e+01 0.000000e+00 -3.736086e+01 -1.834167e+01
3.504161e+01 0.000000e+00 -3.455057e+01 6.959218e+01
-9.929334e+01 0.000000e+00 -3.736086e+01 -6.193248e+01
-2.575403e+01 0.000000e+00 -3.736086e+01 1.160683e+01
2.638674e+01 0.000000e+00 -4.372684e+01 7.011358e+01
4.497100e+02 0.000000e+00 -4.372684e+01 4.934368e+02
-1.205381e+02 0.000000e+00 -4.372684e+01 -7.681124e+01
-9.420311e+01 0.000000e+00 -3.252759e+01 -6.167552e+01
-6.163319e+01 0.000000e+00 -4.372684e+01 -1.790635e+01
-2.031405e+01 0.000000e+00 -4.372684e+01 2.341279e+01
1.303037e+02 0.000000e+00 -4.372684e+01 1.740306e+02
1.306765e+02 0.000000e+00 -3.252759e+01 1.632041e+02
-7.902158e+01 0.000000e+00 -4.372684e+01 -3.529473e+01
-1.908735e+01 0.000000e+00 -4.372684e+01 2.463950e+01
2.604550e+02 0.000000e+00 -3.252759e+01 2.929826e+02
2.918075e+02 0.000000e+00 -3.252759e+01 3.243351e+02
2.034794e+02 0.000000e+00 -3.252759e+01 2.360070e+02
-5.877972e+01 0.000000e+00 -3.252759e+01 -2.625213e+01
-1.989459e+02 0.000000e+00 -3.252759e+01 -1.664183e+02
-3.318505e+01 0.000000e+00 -5.067041e+00 -2.811801e+01
1.058595e+01 0.000000e+00 6.132211e+00 4.453742e+00
-1.605528e+01 0.000000e+00 -5.067041e+00 -1.098824e+01
3.879229e+01 0.000000e+00 -5.067041e+00 4.385933e+01
-3.824956e-01 0.000000e+00 6.132211e+00 -6.514707e+00
9.679305e+00 0.000000e+00 6.132211e+00 3.547094e+00
-5.057232e+00 0.000000e+00 -1.345600e+01 8.398769e+00
-4.002382e+00 0.000000e+00 -5.067041e+00 1.064659e+00
-4.540649e+00 0.000000e+00 -1.345600e+01 8.915352e+00
-2.888084e+00 0.000000e+00 -5.067041e+00 2.178957e+00
-1.836293e+01 0.000000e+00 -5.067041e+00 -1.329589e+01
-1.567724e+01 0.000000e+00 -5.067041e+00 -1.061020e+01
1.738523e+01 0.000000e+00 6.132211e+00 1.125301e+01
-5.860295e+01 0.000000e+00 -2.256749e+00 -5.634621e+01
2.680867e+01 0.000000e+00 6.132211e+00 2.067646e+01
7.356636e+01 0.000000e+00 6.132211e+00 6.743415e+01
-9.173049e+00 0.000000e+00 -5.067041e+00 -4.106008e+00
1.093110e+01 0.000000e+00 -2.256749e+00 1.318785e+01
-2.098880e+01 0.000000e+00 -5.067041e+00 -1.592176e+01
-1.847279e+01 0.000000e+00 -5.067041e+00 -1.340575e+01
-2.302406e+00 0.000000e+00 -1.143302e+01 9.130618e+00
9.947867e+01 0.000000e+00 -1.143302e+01 1.109117e+02
-3.045351e+01 0.000000e+00 -1.143302e+01 -1.902048e+01
3.411309e+00 0.000000e+00 -2.337720e-01 3.645081e+00
4.261001e+00 0.000000e+00 -1.143302e+01 1.569403e+01
-1.399130e+01 0.000000e+00 -1.143302e+01 -2.558277e+00
1.741662e+00 0.000000e+00 -1.143302e+01 1.317469e+01
3.310279e+01 0.000000e+00 -2.337720e-01 3.333656e+01
-2.492036e+01 0.000000e+00 -1.143302e+01 -1.348734e+01
-2.361697e+00 0.000000e+00 -1.143302e+01 9.071328e+00
2.589372e+01 0.000000e+00 -2.337720e-01 2.612749e+01
2.367197e+01 0.000000e+00 -2.337720e-01 2.390574e+01
4.154719e+01 0.000000e+00 -2.337720e-01 4.178096e+01
1.130745e+01 0.000000e+00 -2.337720e-01 1.154123e+01
-2.007552e+01 0.000000e+00 -2.337720e-01 -1.984175e+01
