-1.114193e+02 -1.581189e+00 -2.266821e+00 -1.107336e+02
-1.176640e+02 -1.581189e+00 -1.442918e+00 -1.178023e+02
-1.606523e+00 -1.581189e+00 -2.266821e+00 -9.208905e-01
-8.386306e+01 -1.581189e+00 -2.266821e+00 -8.317743e+01
-2.883676e+02 -1.581189e+00 -1.442918e+00 -2.885059e+02
-1.560421e+02 -1.581189e+00 -1.442918e+00 -1.561804e+02
-7.691412e+01 -1.581189e+00 -5.802683e-02 -7.843728e+01
-2.668007e+00 -1.581189e+00 -2.266821e+00 -1.982375e+00
-4.932343e+02 -1.581189e+00 -5.802683e-02 -4.947574e+02
-6.189954e-01 -1.581189e+00 -2.266821e+00 6.663674e-02
5.860369e+01 -1.581189e+00 -2.266821e+00 5.928932e+01
8.801188e+02 -1.581189e+00 -1.442918e+00 8.799805e+02
-2.463489e+02 -1.581189e+00 -1.442918e+00 -2.464871e+02
-1.755643e+02 -1.581189e+00 7.658757e-01 -1.779114e+02
6.758348e+01 -1.581189e+00 -1.442918e+00 6.744521e+01
3.688511e+02 -1.581189e+00 -1.442918e+00 3.687128e+02
-4.739519e+00 -1.581189e+00 -2.266821e+00 -4.053887e+00
7.319037e-01 -1.581189e+00 7.658757e-01 -1.615161e+00
-2.119111e+00 -1.581189e+00 -2.266821e+00 -1.433479e+00
-2.202461e+02 7.998120e+01 -1.131412e+02 -2.712369e+01
-1.198255e+02 -1.581189e+00 -2.266821e+00 -1.191399e+02
5.450296e+01 7.998120e+01 -1.131412e+02 2.476254e+02
-1.475382e+02 7.998120e+01 -1.131412e+02 4.558423e+01
-3.332292e+02 7.998120e+01 -1.123173e+02 -1.409308e+02
-2.407661e+02 7.998120e+01 -1.131412e+02 -4.764371e+01
-1.428186e+02 7.998120e+01 -1.131412e+02 5.030374e+01
-9.447885e+01 7.998120e+01 -1.131412e+02 9.864354e+01
1.608398e+02 7.998120e+01 -1.123173e+02 3.531383e+02
-1.514790e+02 7.998120e+01 -1.131412e+02 4.164343e+01
-4.938097e+01 7.998120e+01 -1.131412e+02 1.437414e+02
5.756575e+01 7.998120e+01 -1.123173e+02 2.498642e+02
1.714314e+02 7.998120e+01 -1.123173e+02 3.637299e+02
-3.387077e+02 7.998120e+01 -1.123173e+02 -1.464092e+02
-9.753927e+01 7.998120e+01 -1.123173e+02 9.475922e+01
-8.018457e+02 7.998120e+01 -1.123173e+02 -6.095472e+02
8.881445e+01 7.998120e+01 -1.144120e+02 2.832076e+02
2.723284e+01 7.998120e+01 -1.135881e+02 2.208021e+02
-6.743637e+02 7.998120e+01 -1.144120e+02 -4.799705e+02
-4.220906e+01 7.998120e+01 -1.144120e+02 1.521841e+02
-9.638161e+01 7.998120e+01 -1.135881e+02 9.718766e+01
-6.574125e+01 7.998120e+01 -1.135881e+02 1.278280e+02
3.582725e+02 7.998120e+01 -1.122032e+02 5.504569e+02
-5.046174e+01 7.998120e+01 -1.144120e+02 1.439314e+02
-1.832581e+02 7.998120e+01 -1.122032e+02 8.926263e+00
-3.780136e+02 7.998120e+01 -1.144120e+02 -1.836204e+02
-5.714797e+01 7.998120e+01 -1.144120e+02 1.372452e+02
-1.394170e+02 7.998120e+01 -1.135881e+02 5.415225e+01
-1.256290e+02 7.998120e+01 -1.135881e+02 6.794030e+01
-5.527040e+01 7.998120e+01 -1.113793e+02 1.360901e+02
-4.864520e+02 7.998120e+01 -1.135881e+02 -2.928827e+02
-1.660879e+02 7.998120e+01 -1.135881e+02 2.748141e+01
-2.941490e+01 7.998120e+01 -1.144120e+02 1.649783e+02
-1.907267e+02 7.998120e+01 -1.113793e+02 6.338245e-01
-1.909712e+02 7.998120e+01 -1.144120e+02 3.421938e+00
-4.133148e+02 -1.581189e+00 -3.537605e+00 -4.113583e+02
-1.351857e+02 7.998120e+01 -1.144120e+02 5.920746e+01
8.548671e+01 -1.581189e+00 -3.537605e+00 8.744313e+01
-9.534878e-01 -1.581189e+00 -3.537605e+00 1.002929e+00
1.122539e+00 -1.581189e+00 -2.713703e+00 2.255053e+00
-3.968086e+02 -1.581189e+00 -3.537605e+00 -3.948521e+02
2.807987e+02 -1.581189e+00 -3.537605e+00 2.827552e+02
-3.220340e+02 -1.581189e+00 -3.537605e+00 -3.200776e+02
4.685531e+02 -1.581189e+00 -2.713703e+00 4.696856e+02
-5.571809e+00 -1.581189e+00 -3.537605e+00 -3.615392e+00
-2.347522e+02 -1.581189e+00 -3.537605e+00 -2.327958e+02
8.630521e+01 -1.581189e+00 -2.713703e+00 8.743773e+01
4.489295e+01 -1.581189e+00 -2.713703e+00 4.602546e+01
-3.766450e+02 -1.581189e+00 -2.713703e+00 -3.755125e+02
4.642766e+02 -1.581189e+00 -2.713703e+00 4.654092e+02
5.315073e+02 -1.581189e+00 -2.713703e+00 5.326398e+02
-7.016815e+01 0.000000e+00 -7.852006e+01 8.351910e+00
-6.110619e+01 0.000000e+00 -7.769616e+01 1.658997e+01
-1.268441e+02 0.000000e+00 -7.852006e+01 -4.832399e+01
-2.253970e+01 0.000000e+00 -7.852006e+01 5.598037e+01
-2.679120e+02 0.000000e+00 -7.769616e+01 -1.902158e+02
1.292733e+01 0.000000e+00 -7.769616e+01 9.062349e+01
4.418847e+01 0.000000e+00 -7.631127e+01 1.204997e+02
-5.018235e+01 0.000000e+00 -7.852006e+01 2.833772e+01
-9.720046e+01 0.000000e+00 -7.631127e+01 -2.088919e+01
-1.609658e+02 0.000000e+00 -7.852006e+01 -8.244577e+01
3.957653e+01 0.000000e+00 -7.852006e+01 1.180966e+02
5.798555e+01 0.000000e+00 -7.852006e+01 1.365056e+02
-1.807831e+02 0.000000e+00 -7.769616e+01 -1.030869e+02
-1.765045e+02 0.000000e+00 -7.548737e+01 -1.010171e+02
-3.752115e+02 0.000000e+00 -7.769616e+01 -2.975154e+02
-5.492032e+01 0.000000e+00 -7.769616e+01 2.277584e+01
-4.105087e+01 0.000000e+00 -7.852006e+01 3.746919e+01
-1.387164e+01 0.000000e+00 -7.548737e+01 6.161572e+01
1.941781e+00 0.000000e+00 -7.852006e+01 8.046184e+01
-4.912800e+01 0.000000e+00 -7.852006e+01 2.939206e+01
1.375343e+02 0.000000e+00 -7.979085e+01 2.173252e+02
1.201542e+02 0.000000e+00 -7.979085e+01 1.999450e+02
-6.271105e+01 0.000000e+00 -7.979085e+01 1.707980e+01
-9.051460e+01 0.000000e+00 -7.896694e+01 -1.154766e+01
-2.008416e+02 0.000000e+00 -7.979085e+01 -1.210508e+02
2.017554e+02 0.000000e+00 -7.979085e+01 2.815462e+02
-1.730422e+02 0.000000e+00 -7.979085e+01 -9.325133e+01
2.396000e+02 0.000000e+00 -7.896694e+01 3.185670e+02
-1.225003e+02 0.000000e+00 -7.979085e+01 -4.270948e+01
-1.232608e+01 0.000000e+00 -7.979085e+01 6.746477e+01
-8.726781e+01 0.000000e+00 -7.896694e+01 -8.300871e+00
5.725159e+01 0.000000e+00 -7.896694e+01 1.362185e+02
-2.718398e+02 0.000000e+00 -7.896694e+01 -1.928728e+02
-3.234590e+01 0.000000e+00 -7.896694e+01 4.662105e+01
5.884220e+01 0.000000e+00 -7.896694e+01 1.378091e+02
-4.125111e+01 0.000000e+00 4.470185e+01 -8.595296e+01
-5.655781e+01 0.000000e+00 4.552575e+01 -1.020836e+02
1.252375e+02 0.000000e+00 4.470185e+01 8.053569e+01
-6.132336e+01 0.000000e+00 4.470185e+01 -1.060252e+02
-2.045566e+01 0.000000e+00 4.552575e+01 -6.598141e+01
-1.689694e+02 0.000000e+00 4.552575e+01 -2.144952e+02
-1.211026e+02 0.000000e+00 4.691064e+01 -1.680132e+02
4.751434e+01 0.000000e+00 4.470185e+01 2.812493e+00
-3.960338e+02 0.000000e+00 4.691064e+01 -4.429444e+02
1.603468e+02 0.000000e+00 4.470185e+01 1.156450e+02
1.902716e+01 0.000000e+00 4.470185e+01 -2.567468e+01
8.221332e+02 0.000000e+00 4.470185e+01 7.774313e+02
-6.556583e+01 0.000000e+00 4.552575e+01 -1.110916e+02
9.401594e-01 0.000000e+00 4.773454e+01 -4.679438e+01
4.427950e+02 0.000000e+00 4.552575e+01 3.972693e+02
4.237714e+02 0.000000e+00 4.552575e+01 3.782457e+02
3.631135e+01 0.000000e+00 4.470185e+01 -8.390495e+00
1.460355e+01 0.000000e+00 4.773454e+01 -3.313100e+01
-4.060892e+00 0.000000e+00 4.470185e+01 -4.876274e+01
-7.069754e+01 0.000000e+00 4.470185e+01 -1.153994e+02
-5.508491e+02 0.000000e+00 4.343106e+01 -5.942802e+02
-3.466745e+01 0.000000e+00 4.343106e+01 -7.809852e+01
6.175756e+01 0.000000e+00 4.343106e+01 1.832650e+01
9.163714e+01 0.000000e+00 4.425496e+01 4.738217e+01
-1.959669e+02 0.000000e+00 4.343106e+01 -2.393980e+02
7.904339e+01 0.000000e+00 4.343106e+01 3.561233e+01
-1.489918e+02 0.000000e+00 4.343106e+01 -1.924229e+02
2.289531e+02 0.000000e+00 4.425496e+01 1.846981e+02
1.169285e+02 0.000000e+00 4.343106e+01 7.349746e+01
-2.224261e+02 0.000000e+00 4.343106e+01 -2.658571e+02
1.735730e+02 0.000000e+00 4.425496e+01 1.293181e+02
-1.235865e+01 0.000000e+00 4.425496e+01 -5.661361e+01
-1.048053e+02 0.000000e+00 4.425496e+01 -1.490602e+02
4.966225e+02 0.000000e+00 4.425496e+01 4.523676e+02
4.726651e+02 0.000000e+00 4.425496e+01 4.284102e+02
4.125111e+01 0.000000e+00 -4.483011e+01 8.608122e+01
5.655781e+01 0.000000e+00 -4.400621e+01 1.005640e+02
-1.252375e+02 0.000000e+00 -4.483011e+01 -8.040742e+01
6.132336e+01 0.000000e+00 -4.483011e+01 1.061535e+02
2.045566e+01 0.000000e+00 -4.400621e+01 6.446186e+01
1.689694e+02 0.000000e+00 -4.400621e+01 2.129756e+02
1.211026e+02 0.000000e+00 -4.262132e+01 1.637239e+02
-4.751434e+01 0.000000e+00 -4.483011e+01 -2.684230e+00
3.960338e+02 0.000000e+00 -4.262132e+01 4.386551e+02
-1.603468e+02 0.000000e+00 -4.483011e+01 -1.155167e+02
-1.902716e+01 0.000000e+00 -4.483011e+01 2.580294e+01
-8.221332e+02 0.000000e+00 -4.483011e+01 -7.773031e+02
6.556583e+01 0.000000e+00 -4.400621e+01 1.095720e+02
-9.401594e-01 0.000000e+00 -4.179741e+01 4.085725e+01
-4.427950e+02 0.000000e+00 -4.400621e+01 -3.987888e+02
-4.237714e+02 0.000000e+00 -4.400621e+01 -3.797652e+02
-3.631135e+01 0.000000e+00 -4.483011e+01 8.518757e+00
-1.460355e+01 0.000000e+00 -4.179741e+01 2.719387e+01
4.060892e+00 0.000000e+00 -4.483011e+01 4.889100e+01
7.069754e+01 0.000000e+00 -4.483011e+01 1.155276e+02
5.508491e+02 0.000000e+00 -4.610089e+01 5.969500e+02
3.466745e+01 0.000000e+00 -4.610089e+01 8.076835e+01
-6.175756e+01 0.000000e+00 -4.610089e+01 -1.565667e+01
-9.163714e+01 0.000000e+00 -4.527699e+01 -4.636015e+01
1.959669e+02 0.000000e+00 -4.610089e+01 2.420678e+02
-7.904339e+01 0.000000e+00 -4.610089e+01 -3.294249e+01
1.489918e+02 0.000000e+00 -4.610089e+01 1.950927e+02
-2.289531e+02 0.000000e+00 -4.527699e+01 -1.836761e+02
-1.169285e+02 0.000000e+00 -4.610089e+01 -7.082763e+01
2.224261e+02 0.000000e+00 -4.610089e+01 2.685270e+02
-1.735730e+02 0.000000e+00 -4.527699e+01 -1.282960e+02
1.235865e+01 0.000000e+00 -4.527699e+01 5.763564e+01
1.048053e+02 0.000000e+00 -4.527699e+01 1.500822e+02
-4.966225e+02 0.000000e+00 -4.527699e+01 -4.513455e+02
-4.726651e+02 0.000000e+00 -4.527699e+01 -4.273881e+02
2.796035e+01 0.000000e+00 -2.508004e+00 3.046835e+01
8.710170e-01 0.000000e+00 -1.684101e+00 2.555118e+00
-3.796343e+00 0.000000e+00 -2.508004e+00 -1.288339e+00
1.670856e+01 0.000000e+00 -2.508004e+00 1.921657e+01
-8.586849e+00 0.000000e+00 -1.684101e+00 -6.902748e+00
2.087295e+00 0.000000e+00 -1.684101e+00 3.771396e+00
-9.785410e+00 0.000000e+00 -2.992096e-01 -9.486200e+00
-8.929251e+00 0.000000e+00 -2.508004e+00 -6.421247e+00
4.122961e+01 0.000000e+00 -2.992096e-01 4.152882e+01
6.405630e+00 0.000000e+00 -2.508004e+00 8.913633e+00
2.530978e-02 0.000000e+00 -2.508004e+00 2.533314e+00
-1.088402e+02 0.000000e+00 -2.508004e+00 -1.063322e+02
1.476718e+01 0.000000e+00 -1.684101e+00 1.645128e+01
-1.945559e+01 0.000000e+00 5.246929e-01 -1.998028e+01
-2.813112e+01 0.000000e+00 -1.684101e+00 -2.644702e+01
-4.777783e+01 0.000000e+00 -1.684101e+00 -4.609373e+01
-3.087598e+01 0.000000e+00 -2.508004e+00 -2.836797e+01
1.951073e+01 0.000000e+00 5.246929e-01 1.898603e+01
-2.529047e+01 0.000000e+00 -2.508004e+00 -2.278247e+01
1.132651e+01 0.000000e+00 -2.508004e+00 1.383452e+01
4.564342e+01 0.000000e+00 -3.778788e+00 4.942221e+01
2.633750e+01 0.000000e+00 -3.778788e+00 3.011629e+01
8.263039e+00 0.000000e+00 -3.778788e+00 1.204183e+01
1.923411e+01 0.000000e+00 -2.954886e+00 2.218900e+01
3.669355e+01 0.000000e+00 -3.778788e+00 4.047233e+01
1.394977e+01 0.000000e+00 -3.778788e+00 1.772856e+01
2.122988e+01 0.000000e+00 -3.778788e+00 2.500867e+01
-5.346767e+01 0.000000e+00 -2.954886e+00 -5.051279e+01
-1.689867e+01 0.000000e+00 -3.778788e+00 -1.311988e+01
2.519634e+01 0.000000e+00 -3.778788e+00 2.897512e+01
-1.685787e+01 0.000000e+00 -2.954886e+00 -1.390298e+01
-4.946377e+00 0.000000e+00 -2.954886e+00 -1.991491e+00
4.558122e+01 0.000000e+00 -2.954886e+00 4.853611e+01
-2.379583e+01 0.000000e+00 -2.954886e+00 -2.084094e+01
-5.625268e+01 0.000000e+00 -2.954886e+00 -5.329780e+01
