6.794897e+01 0.000000e+00 2.827924e+00 6.512105e+01
1.536269e+02 0.000000e+00 4.942190e+00 1.486847e+02
9.354864e-01 0.000000e+00 2.827924e+00 -1.892438e+00
-3.181215e+01 0.000000e+00 2.827924e+00 -3.464007e+01
4.354046e+01 0.000000e+00 4.942190e+00 3.859827e+01
1.028134e+02 0.000000e+00 4.942190e+00 9.787125e+01
2.133968e+01 0.000000e+00 1.884310e+00 1.945537e+01
1.033885e+00 0.000000e+00 2.827924e+00 -1.794040e+00
-2.375924e+01 0.000000e+00 1.884310e+00 -2.564355e+01
4.066337e-02 0.000000e+00 2.827924e+00 -2.787261e+00
5.264841e+01 0.000000e+00 2.827924e+00 4.982048e+01
4.260454e+01 0.000000e+00 4.942190e+00 3.766235e+01
1.094366e+02 0.000000e+00 4.942190e+00 1.044944e+02
9.022658e+01 0.000000e+00 3.998576e+00 8.622800e+01
-1.090514e+02 0.000000e+00 4.942190e+00 -1.139936e+02
-2.028719e+01 0.000000e+00 4.942190e+00 -2.522938e+01
1.059060e+00 0.000000e+00 2.827924e+00 -1.768864e+00
3.277135e-01 0.000000e+00 3.998576e+00 -3.670862e+00
8.853856e-01 0.000000e+00 2.827924e+00 -1.942539e+00
2.362352e+01 0.000000e+00 3.368101e+01 -1.005749e+01
1.413508e+01 0.000000e+00 2.827924e+00 1.130716e+01
7.310311e+01 0.000000e+00 3.368101e+01 3.942210e+01
3.575112e+01 0.000000e+00 3.368101e+01 2.070109e+00
4.224844e+01 0.000000e+00 3.579528e+01 6.453159e+00
3.693022e+01 0.000000e+00 3.368101e+01 3.249204e+00
3.491349e+01 0.000000e+00 3.368101e+01 1.232474e+00
6.580909e+01 0.000000e+00 3.368101e+01 3.212808e+01
6.097822e+01 0.000000e+00 3.579528e+01 2.518294e+01
5.948823e+01 0.000000e+00 3.368101e+01 2.580722e+01
3.510730e+01 0.000000e+00 3.368101e+01 1.426285e+00
3.311113e+01 0.000000e+00 3.579528e+01 -2.684151e+00
6.983953e+00 0.000000e+00 3.579528e+01 -2.881133e+01
7.021597e+01 0.000000e+00 3.579528e+01 3.442069e+01
9.283139e+01 0.000000e+00 3.579528e+01 5.703612e+01
6.523267e+01 0.000000e+00 3.579528e+01 2.943739e+01
5.561255e+01 0.000000e+00 3.378588e+01 2.182667e+01
1.399186e+02 0.000000e+00 3.590015e+01 1.040185e+02
1.184456e+01 0.000000e+00 3.378588e+01 -2.194132e+01
-2.083948e+01 0.000000e+00 3.378588e+01 -5.462536e+01
2.552416e+01 0.000000e+00 3.590015e+01 -1.037598e+01
1.446719e+01 0.000000e+00 3.590015e+01 -2.143296e+01
7.870294e+01 0.000000e+00 3.284227e+01 4.586068e+01
2.970061e+01 0.000000e+00 3.378588e+01 -4.085271e+00
5.107448e+01 0.000000e+00 3.284227e+01 1.823222e+01
-4.471779e+01 0.000000e+00 3.378588e+01 -7.850367e+01
3.574565e+01 0.000000e+00 3.378588e+01 1.959770e+00
3.382104e+01 0.000000e+00 3.590015e+01 -2.079100e+00
8.209616e+01 0.000000e+00 3.590015e+01 4.619601e+01
2.682433e+01 0.000000e+00 3.495653e+01 -8.132203e+00
6.411683e+01 0.000000e+00 3.590015e+01 2.821668e+01
6.244863e+01 0.000000e+00 3.590015e+01 2.654848e+01
2.356100e+01 0.000000e+00 3.378588e+01 -1.022488e+01
4.417276e+01 0.000000e+00 3.495653e+01 9.216231e+00
2.228763e+01 0.000000e+00 3.378588e+01 -1.149825e+01
5.951678e+01 0.000000e+00 2.932791e+00 5.658399e+01
6.575379e+01 0.000000e+00 3.378588e+01 3.196791e+01
5.203378e+01 0.000000e+00 2.932791e+00 4.910099e+01
2.384925e+00 0.000000e+00 2.932791e+00 -5.478657e-01
2.275652e+00 0.000000e+00 5.047056e+00 -2.771404e+00
2.857707e+02 0.000000e+00 2.932791e+00 2.828379e+02
1.353012e+01 0.000000e+00 2.932791e+00 1.059733e+01
-3.751438e+01 0.000000e+00 2.932791e+00 -4.044717e+01
-2.307531e+01 0.000000e+00 5.047056e+00 -2.812237e+01
7.061194e-01 0.000000e+00 2.932791e+00 -2.226671e+00
4.474459e+00 0.000000e+00 2.932791e+00 1.541668e+00
1.223663e+02 0.000000e+00 5.047056e+00 1.173193e+02
-1.108677e+00 0.000000e+00 5.047056e+00 -6.155733e+00
-4.302736e+01 0.000000e+00 5.047056e+00 -4.807441e+01
-8.999471e+01 0.000000e+00 5.047056e+00 -9.504177e+01
-7.304246e+01 0.000000e+00 5.047056e+00 -7.808951e+01
4.826176e+01 4.782444e+01 4.697870e+01 4.910750e+01
1.767292e+02 4.782444e+01 4.909297e+01 1.754607e+02
7.017283e+01 4.782444e+01 4.697870e+01 7.101857e+01
2.930647e+00 4.782444e+01 4.697870e+01 3.776387e+00
4.734330e+01 4.782444e+01 4.909297e+01 4.607477e+01
7.600193e+01 4.782444e+01 4.909297e+01 7.473340e+01
5.209503e+01 4.782444e+01 4.603509e+01 5.388438e+01
2.932907e+01 4.782444e+01 4.697870e+01 3.017481e+01
5.841257e+01 4.782444e+01 4.603509e+01 6.020192e+01
3.531502e+01 4.782444e+01 4.697870e+01 3.616076e+01
6.034407e+01 4.782444e+01 4.697870e+01 6.118981e+01
1.437541e+01 4.782444e+01 4.697870e+01 1.522115e+01
7.628574e+01 4.782444e+01 4.909297e+01 7.501721e+01
5.927040e+01 4.782444e+01 4.814935e+01 5.894548e+01
5.522860e+01 4.782444e+01 4.909297e+01 5.396007e+01
3.099909e+01 4.782444e+01 4.909297e+01 2.973056e+01
5.002929e+01 4.782444e+01 4.697870e+01 5.087503e+01
9.522062e+01 4.782444e+01 4.814935e+01 9.489571e+01
1.106405e+02 4.782444e+01 4.697870e+01 1.114862e+02
7.587323e+01 4.782444e+01 4.697870e+01 7.671897e+01
5.105769e+01 4.782444e+01 4.708357e+01 5.179856e+01
6.328220e+01 4.782444e+01 4.708357e+01 6.402307e+01
3.663488e+01 4.782444e+01 4.708357e+01 3.737575e+01
8.971322e+01 4.782444e+01 4.919783e+01 8.833983e+01
1.327811e+02 4.782444e+01 4.708357e+01 1.335220e+02
6.262053e+01 4.782444e+01 4.708357e+01 6.336140e+01
3.876219e+01 4.782444e+01 4.708357e+01 3.950306e+01
1.905225e+01 4.782444e+01 4.919783e+01 1.767886e+01
4.140798e+01 4.782444e+01 4.708357e+01 4.214885e+01
3.690709e+01 4.782444e+01 4.708357e+01 3.764796e+01
5.983323e+01 4.782444e+01 4.919783e+01 5.845984e+01
4.997053e+01 4.782444e+01 4.919783e+01 4.859714e+01
5.908925e+01 4.782444e+01 4.919783e+01 5.771586e+01
3.617244e+01 4.782444e+01 4.919783e+01 3.479905e+01
-3.003990e+01 4.782444e+01 4.919783e+01 -3.141330e+01
1.968721e+01 0.000000e+00 -3.981593e+01 5.950313e+01
-2.310226e+01 0.000000e+00 -3.770166e+01 1.459940e+01
-6.923735e+01 0.000000e+00 -3.981593e+01 -2.942142e+01
-3.474279e+01 0.000000e+00 -3.981593e+01 5.073135e+00
-3.802841e+00 0.000000e+00 -3.770166e+01 3.389882e+01
2.681151e+01 0.000000e+00 -3.770166e+01 6.451317e+01
-3.075534e+01 0.000000e+00 -4.075954e+01 1.000420e+01
-2.829518e+01 0.000000e+00 -3.981593e+01 1.152075e+01
-8.217181e+01 0.000000e+00 -4.075954e+01 -4.141227e+01
-3.527436e+01 0.000000e+00 -3.981593e+01 4.541572e+00
-7.695660e+00 0.000000e+00 -3.981593e+01 3.212027e+01
2.822913e+01 0.000000e+00 -3.981593e+01 6.804506e+01
3.315082e+01 0.000000e+00 -3.770166e+01 7.085248e+01
3.095618e+01 0.000000e+00 -3.864528e+01 6.960146e+01
-1.642800e+02 0.000000e+00 -3.770166e+01 -1.265784e+02
-5.128628e+01 0.000000e+00 -3.770166e+01 -1.358462e+01
-4.897023e+01 0.000000e+00 -3.981593e+01 -9.154304e+00
-9.489290e+01 0.000000e+00 -3.864528e+01 -5.624763e+01
-1.097551e+02 0.000000e+00 -3.981593e+01 -6.993917e+01
-6.173814e+01 0.000000e+00 -3.981593e+01 -2.192222e+01
8.459094e+00 0.000000e+00 -3.971106e+01 4.817016e+01
-1.124841e+01 0.000000e+00 -3.971106e+01 2.846265e+01
-3.424995e+01 0.000000e+00 -3.971106e+01 5.461106e+00
-8.743757e+01 0.000000e+00 -3.759680e+01 -4.984077e+01
1.529896e+02 0.000000e+00 -3.971106e+01 1.927007e+02
-4.909040e+01 0.000000e+00 -3.971106e+01 -9.379343e+00
-7.627656e+01 0.000000e+00 -3.971106e+01 -3.656550e+01
-4.212756e+01 0.000000e+00 -3.759680e+01 -4.530763e+00
-4.070186e+01 0.000000e+00 -3.971106e+01 -9.907987e-01
-3.243263e+01 0.000000e+00 -3.971106e+01 7.278430e+00
6.253311e+01 0.000000e+00 -3.759680e+01 1.001299e+02
-5.107921e+01 0.000000e+00 -3.759680e+01 -1.348241e+01
-1.021166e+02 0.000000e+00 -3.759680e+01 -6.451981e+01
-1.261672e+02 0.000000e+00 -3.759680e+01 -8.857036e+01
-4.300255e+01 0.000000e+00 -3.759680e+01 -5.405756e+00
-1.968721e+01 0.000000e+00 3.891838e+01 -5.860558e+01
2.310226e+01 0.000000e+00 4.103264e+01 -1.793038e+01
6.923735e+01 0.000000e+00 3.891838e+01 3.031897e+01
3.474279e+01 0.000000e+00 3.891838e+01 -4.175584e+00
3.802841e+00 0.000000e+00 4.103264e+01 -3.722980e+01
-2.681151e+01 0.000000e+00 4.103264e+01 -6.784415e+01
3.075534e+01 0.000000e+00 3.797476e+01 -7.219418e+00
2.829518e+01 0.000000e+00 3.891838e+01 -1.062319e+01
8.217181e+01 0.000000e+00 3.797476e+01 4.419704e+01
3.527436e+01 0.000000e+00 3.891838e+01 -3.644021e+00
7.695660e+00 0.000000e+00 3.891838e+01 -3.122272e+01
-2.822913e+01 0.000000e+00 3.891838e+01 -6.714750e+01
-3.315082e+01 0.000000e+00 4.103264e+01 -7.418346e+01
-3.095618e+01 0.000000e+00 4.008903e+01 -7.104521e+01
1.642800e+02 0.000000e+00 4.103264e+01 1.232474e+02
5.128628e+01 0.000000e+00 4.103264e+01 1.025364e+01
4.897023e+01 0.000000e+00 3.891838e+01 1.005185e+01
9.489290e+01 0.000000e+00 4.008903e+01 5.480388e+01
1.097551e+02 0.000000e+00 3.891838e+01 7.083672e+01
6.173814e+01 0.000000e+00 3.891838e+01 2.281977e+01
-8.459094e+00 0.000000e+00 3.902324e+01 -4.748234e+01
1.124841e+01 0.000000e+00 3.902324e+01 -2.777483e+01
3.424995e+01 0.000000e+00 3.902324e+01 -4.773288e+00
8.743757e+01 0.000000e+00 4.113751e+01 4.630006e+01
-1.529896e+02 0.000000e+00 3.902324e+01 -1.920129e+02
4.909040e+01 0.000000e+00 3.902324e+01 1.006716e+01
7.627656e+01 0.000000e+00 3.902324e+01 3.725332e+01
4.212756e+01 0.000000e+00 4.113751e+01 9.900502e-01
4.070186e+01 0.000000e+00 3.902324e+01 1.678617e+00
3.243263e+01 0.000000e+00 3.902324e+01 -6.590612e+00
-6.253311e+01 0.000000e+00 4.113751e+01 -1.036706e+02
5.107921e+01 0.000000e+00 4.113751e+01 9.941701e+00
1.021166e+02 0.000000e+00 4.113751e+01 6.097910e+01
1.261672e+02 0.000000e+00 4.113751e+01 8.502965e+01
4.300255e+01 0.000000e+00 4.113751e+01 1.865043e+00
-9.674622e+00 0.000000e+00 9.690740e-01 -1.064370e+01
8.390500e-01 0.000000e+00 3.083340e+00 -2.244290e+00
3.351862e+00 0.000000e+00 9.690740e-01 2.382788e+00
3.821472e+00 0.000000e+00 9.690740e-01 2.852398e+00
-4.092857e+00 0.000000e+00 3.083340e+00 -7.176196e+00
-3.781816e+00 0.000000e+00 3.083340e+00 -6.865156e+00
8.579524e+00 0.000000e+00 2.545979e-02 8.554064e+00
2.338791e+00 0.000000e+00 9.690740e-01 1.369717e+00
5.814707e+00 0.000000e+00 2.545979e-02 5.789247e+00
-2.820780e+00 0.000000e+00 9.690740e-01 -3.789854e+00
-1.607435e+00 0.000000e+00 9.690740e-01 -2.576509e+00
-7.349693e+00 0.000000e+00 9.690740e-01 -8.318767e+00
-8.785989e+00 0.000000e+00 3.083340e+00 -1.186933e+01
-8.969511e+00 0.000000e+00 2.139725e+00 -1.110924e+01
1.599123e+01 0.000000e+00 3.083340e+00 1.290789e+01
6.872406e+00 0.000000e+00 3.083340e+00 3.789066e+00
1.145803e+00 0.000000e+00 9.690740e-01 1.767286e-01
4.726339e+00 0.000000e+00 2.139725e+00 2.586614e+00
-1.023311e+00 0.000000e+00 9.690740e-01 -1.992385e+00
6.125681e+00 0.000000e+00 9.690740e-01 5.156607e+00
-6.816764e+00 0.000000e+00 1.073940e+00 -7.890705e+00
-1.596548e+00 0.000000e+00 1.073940e+00 -2.670489e+00
3.482328e+00 0.000000e+00 1.073940e+00 2.408387e+00
1.283163e+01 0.000000e+00 3.188206e+00 9.643429e+00
-1.413119e+01 0.000000e+00 1.073940e+00 -1.520513e+01
8.679217e+00 0.000000e+00 1.073940e+00 7.605276e+00
3.018817e+00 0.000000e+00 1.073940e+00 1.944876e+00
2.234324e+00 0.000000e+00 3.188206e+00 -9.538818e-01
-1.302088e+00 0.000000e+00 1.073940e+00 -2.376029e+00
8.128305e+00 0.000000e+00 1.073940e+00 7.054365e+00
-1.167310e+01 0.000000e+00 3.188206e+00 -1.486131e+01
6.801671e+00 0.000000e+00 3.188206e+00 3.613465e+00
2.294412e+01 0.000000e+00 3.188206e+00 1.975592e+01
8.841882e+00 0.000000e+00 3.188206e+00 5.653677e+00
1.231682e+01 0.000000e+00 3.188206e+00 9.128610e+00
