2.638165e+02 0.000000e+00 -9.244804e-01 2.647410e+02
-1.880890e+01 0.000000e+00 1.225184e+01 -3.106074e+01
5.503855e-01 0.000000e+00 -9.244804e-01 1.474866e+00
-1.147970e+02 0.000000e+00 -9.244804e-01 -1.138725e+02
1.264120e+02 0.000000e+00 1.225184e+01 1.141602e+02
2.764876e+01 0.000000e+00 1.225184e+01 1.539693e+01
-5.100046e+01 0.000000e+00 -1.234871e+01 -3.865175e+01
-1.013886e+00 0.000000e+00 -9.244804e-01 -8.940582e-02
-9.581928e+02 0.000000e+00 -1.234871e+01 -9.458441e+02
-1.368092e+00 0.000000e+00 -9.244804e-01 -4.436112e-01
2.393494e+02 0.000000e+00 -9.244804e-01 2.402739e+02
4.600647e+02 0.000000e+00 1.225184e+01 4.478128e+02
-8.565474e+01 0.000000e+00 1.225184e+01 -9.790658e+01
-2.212037e+02 0.000000e+00 8.276132e-01 -2.220313e+02
9.238038e+02 0.000000e+00 1.225184e+01 9.115520e+02
4.392517e+01 0.000000e+00 1.225184e+01 3.167333e+01
3.302823e+00 0.000000e+00 -9.244804e-01 4.227303e+00
4.768777e-01 0.000000e+00 8.276132e-01 -3.507354e-01
-1.946354e+00 0.000000e+00 -9.244804e-01 -1.021874e+00
1.591027e+02 2.994945e+01 4.443150e+01 1.446206e+02
6.634255e+01 0.000000e+00 -9.244804e-01 6.726703e+01
9.447998e+01 2.994945e+01 4.443150e+01 7.999793e+01
1.831380e+02 2.994945e+01 4.443150e+01 1.686560e+02
1.095910e+02 2.994945e+01 5.760782e+01 8.193268e+01
1.984332e+02 2.994945e+01 4.443150e+01 1.839511e+02
2.206430e+02 2.994945e+01 4.443150e+01 2.061610e+02
1.094492e+02 2.994945e+01 4.443150e+01 9.496714e+01
1.117706e+02 2.994945e+01 5.760782e+01 8.411224e+01
-2.594099e+02 2.994945e+01 4.443150e+01 -2.738919e+02
-2.958474e+02 2.994945e+01 4.443150e+01 -3.103294e+02
-1.926619e+01 2.994945e+01 5.760782e+01 -4.692456e+01
-2.675909e+01 2.994945e+01 5.760782e+01 -5.441746e+01
2.303736e+02 2.994945e+01 5.760782e+01 2.027152e+02
2.550218e+02 2.994945e+01 5.760782e+01 2.273634e+02
1.112424e+02 2.994945e+01 5.760782e+01 8.358405e+01
1.633475e+02 2.994945e+01 3.024410e+01 1.630529e+02
7.674630e+02 2.994945e+01 4.342041e+01 7.539920e+02
6.735070e+01 2.994945e+01 3.024410e+01 6.705605e+01
1.780315e+01 2.994945e+01 3.024410e+01 1.750850e+01
1.304022e+01 2.994945e+01 4.342041e+01 -4.307502e-01
-5.938754e+02 2.994945e+01 4.342041e+01 -6.073464e+02
1.705935e+02 2.994945e+01 1.881987e+01 1.817231e+02
-4.717001e+01 2.994945e+01 3.024410e+01 -4.746466e+01
1.322085e+02 2.994945e+01 1.881987e+01 1.433381e+02
-9.715077e+01 2.994945e+01 3.024410e+01 -9.744542e+01
1.992370e+02 2.994945e+01 3.024410e+01 1.989423e+02
-5.173606e+01 2.994945e+01 4.342041e+01 -6.520703e+01
1.126695e+02 2.994945e+01 4.342041e+01 9.919851e+01
-2.677272e+02 2.994945e+01 3.199619e+01 -2.697739e+02
1.270953e+02 2.994945e+01 4.342041e+01 1.136243e+02
2.521578e+02 2.994945e+01 4.342041e+01 2.386868e+02
7.022079e+01 2.994945e+01 3.024410e+01 6.992614e+01
1.252019e+02 2.994945e+01 3.199619e+01 1.231552e+02
-6.527203e+01 2.994945e+01 3.024410e+01 -6.556667e+01
4.354923e+01 0.000000e+00 -1.511189e+01 5.866112e+01
2.279096e+01 2.994945e+01 3.024410e+01 2.249631e+01
-4.348137e+02 0.000000e+00 -1.511189e+01 -4.197018e+02
-5.067713e-01 0.000000e+00 -1.511189e+01 1.460511e+01
-1.378230e+00 0.000000e+00 -1.935566e+00 5.573363e-01
9.672765e+01 0.000000e+00 -1.511189e+01 1.118395e+02
4.444339e+02 0.000000e+00 -1.511189e+01 4.595458e+02
1.329643e+02 0.000000e+00 -1.511189e+01 1.480762e+02
-4.942913e+01 0.000000e+00 -1.935566e+00 -4.749356e+01
-1.607537e+01 0.000000e+00 -1.511189e+01 -9.634858e-01
3.767525e+02 0.000000e+00 -1.511189e+01 3.918644e+02
4.596844e+01 0.000000e+00 -1.935566e+00 4.790401e+01
3.452269e+02 0.000000e+00 -1.935566e+00 3.471625e+02
3.885698e+01 0.000000e+00 -1.935566e+00 4.079255e+01
1.704784e+01 0.000000e+00 -1.935566e+00 1.898340e+01
1.748794e+02 0.000000e+00 -1.935566e+00 1.768149e+02
1.556695e+02 3.596301e+01 -4.878279e+01 2.404153e+02
1.382520e+02 3.596301e+01 -3.560647e+01 2.098214e+02
-1.947589e+01 3.596301e+01 -4.878279e+01 6.526990e+01
1.973073e+01 3.596301e+01 -4.878279e+01 1.044765e+02
-5.762724e+00 3.596301e+01 -3.560647e+01 6.580675e+01
-3.449644e+02 3.596301e+01 -3.560647e+01 -2.733949e+02
-2.734688e+02 3.596301e+01 -6.020701e+01 -1.772988e+02
-4.601443e+01 3.596301e+01 -4.878279e+01 3.873136e+01
-1.306145e+02 3.596301e+01 -6.020701e+01 -3.444450e+01
-3.273335e+01 3.596301e+01 -4.878279e+01 5.201244e+01
1.038984e+02 3.596301e+01 -4.878279e+01 1.886442e+02
-1.649173e+02 3.596301e+01 -4.878279e+01 -8.017152e+01
-1.240918e+02 3.596301e+01 -3.560647e+01 -5.252229e+01
-1.011168e+02 3.596301e+01 -4.703069e+01 -1.812315e+01
-2.305094e+02 3.596301e+01 -3.560647e+01 -1.589400e+02
4.799881e+01 3.596301e+01 -3.560647e+01 1.195683e+02
-1.595185e+02 3.596301e+01 -4.878279e+01 -7.477269e+01
-5.170390e+01 3.596301e+01 -4.703069e+01 3.128980e+01
-7.061912e+01 3.596301e+01 -4.878279e+01 1.412667e+01
1.060962e+01 3.596301e+01 -4.878279e+01 9.535541e+01
6.769432e+01 3.596301e+01 -6.297019e+01 1.666275e+02
-2.829421e+02 3.596301e+01 -6.297019e+01 -1.840089e+02
1.344620e+02 3.596301e+01 -6.297019e+01 2.333952e+02
-8.943597e+01 3.596301e+01 -4.979387e+01 -3.679088e+00
3.182019e+01 3.596301e+01 -6.297019e+01 1.307534e+02
8.015934e+01 3.596301e+01 -6.297019e+01 1.790925e+02
-2.461191e+01 3.596301e+01 -6.297019e+01 7.432129e+01
-1.208439e+00 3.596301e+01 -4.979387e+01 8.454844e+01
-2.814250e+02 3.596301e+01 -6.297019e+01 -1.824919e+02
-1.757103e+02 3.596301e+01 -6.297019e+01 -7.677711e+01
-3.068818e+01 3.596301e+01 -4.979387e+01 5.506870e+01
-2.060156e+02 3.596301e+01 -4.979387e+01 -1.202588e+02
6.924067e+00 3.596301e+01 -4.979387e+01 9.268095e+01
-9.473049e+01 3.596301e+01 -4.979387e+01 -8.973613e+00
-1.567112e+01 3.596301e+01 -4.979387e+01 7.008576e+01
1.081470e+02 0.000000e+00 6.193520e+01 4.621179e+01
-1.570609e+02 0.000000e+00 7.511152e+01 -2.321724e+02
2.002628e+01 0.000000e+00 6.193520e+01 -4.190892e+01
-1.345277e+02 0.000000e+00 6.193520e+01 -1.964629e+02
1.321748e+02 0.000000e+00 7.511152e+01 5.706324e+01
3.726132e+02 0.000000e+00 7.511152e+01 2.975017e+02
2.224683e+02 0.000000e+00 5.051097e+01 1.719574e+02
4.500055e+01 0.000000e+00 6.193520e+01 -1.693465e+01
-8.275783e+02 0.000000e+00 5.051097e+01 -8.780893e+02
3.136526e+01 0.000000e+00 6.193520e+01 -3.056994e+01
1.354510e+02 0.000000e+00 6.193520e+01 7.351584e+01
6.249820e+02 0.000000e+00 6.193520e+01 5.630468e+02
3.843702e+01 0.000000e+00 7.511152e+01 -3.667450e+01
-1.200869e+02 0.000000e+00 6.368729e+01 -1.837742e+02
1.154313e+03 0.000000e+00 7.511152e+01 1.079202e+03
-4.073638e+00 0.000000e+00 7.511152e+01 -7.918515e+01
1.628213e+02 0.000000e+00 6.193520e+01 1.008861e+02
5.218077e+01 0.000000e+00 6.368729e+01 -1.150652e+01
6.867276e+01 0.000000e+00 6.193520e+01 6.737563e+00
5.573293e+01 0.000000e+00 6.193520e+01 -6.202264e+00
-2.414509e+01 0.000000e+00 4.774779e+01 -7.189288e+01
-1.518715e+02 0.000000e+00 4.774779e+01 -1.996193e+02
-1.349688e+02 0.000000e+00 4.774779e+01 -1.827166e+02
8.805774e+01 0.000000e+00 6.092411e+01 2.713363e+01
6.490746e+01 0.000000e+00 4.774779e+01 1.715967e+01
3.642745e+02 0.000000e+00 4.774779e+01 3.165267e+02
1.575762e+02 0.000000e+00 4.774779e+01 1.098285e+02
-4.822069e+01 0.000000e+00 6.092411e+01 -1.091448e+02
2.653497e+02 0.000000e+00 4.774779e+01 2.176019e+02
5.524628e+02 0.000000e+00 4.774779e+01 5.047150e+02
7.665662e+01 0.000000e+00 6.092411e+01 1.573251e+01
5.512426e+02 0.000000e+00 6.092411e+01 4.903184e+02
3.193291e+01 0.000000e+00 6.092411e+01 -2.899120e+01
1.117783e+02 0.000000e+00 6.092411e+01 5.085422e+01
1.905505e+02 0.000000e+00 6.092411e+01 1.296264e+02
-1.081470e+02 0.000000e+00 -5.995970e+01 -4.818729e+01
1.570609e+02 0.000000e+00 -4.678338e+01 2.038442e+02
-2.002628e+01 0.000000e+00 -5.995970e+01 3.993342e+01
1.345277e+02 0.000000e+00 -5.995970e+01 1.944874e+02
-1.321748e+02 0.000000e+00 -4.678338e+01 -8.539138e+01
-3.726132e+02 0.000000e+00 -4.678338e+01 -3.258298e+02
-2.224683e+02 0.000000e+00 -7.138393e+01 -1.510844e+02
-4.500055e+01 0.000000e+00 -5.995970e+01 1.495915e+01
8.275783e+02 0.000000e+00 -7.138393e+01 8.989622e+02
-3.136526e+01 0.000000e+00 -5.995970e+01 2.859444e+01
-1.354510e+02 0.000000e+00 -5.995970e+01 -7.549133e+01
-6.249820e+02 0.000000e+00 -5.995970e+01 -5.650223e+02
-3.843702e+01 0.000000e+00 -4.678338e+01 8.346362e+00
1.200869e+02 0.000000e+00 -5.820761e+01 1.782945e+02
-1.154313e+03 0.000000e+00 -4.678338e+01 -1.107530e+03
4.073638e+00 0.000000e+00 -4.678338e+01 5.085702e+01
-1.628213e+02 0.000000e+00 -5.995970e+01 -1.028616e+02
-5.218077e+01 0.000000e+00 -5.820761e+01 6.026832e+00
-6.867276e+01 0.000000e+00 -5.995970e+01 -8.713060e+00
-5.573293e+01 0.000000e+00 -5.995970e+01 4.226767e+00
2.414509e+01 0.000000e+00 -7.414710e+01 9.829219e+01
1.518715e+02 0.000000e+00 -7.414710e+01 2.260186e+02
1.349688e+02 0.000000e+00 -7.414710e+01 2.091159e+02
-8.805774e+01 0.000000e+00 -6.097079e+01 -2.708695e+01
-6.490746e+01 0.000000e+00 -7.414710e+01 9.239642e+00
-3.642745e+02 0.000000e+00 -7.414710e+01 -2.901274e+02
-1.575762e+02 0.000000e+00 -7.414710e+01 -8.342914e+01
4.822069e+01 0.000000e+00 -6.097079e+01 1.091915e+02
-2.653497e+02 0.000000e+00 -7.414710e+01 -1.912026e+02
-5.524628e+02 0.000000e+00 -7.414710e+01 -4.783157e+02
-7.665662e+01 0.000000e+00 -6.097079e+01 -1.568583e+01
-5.512426e+02 0.000000e+00 -6.097079e+01 -4.902718e+02
-3.193291e+01 0.000000e+00 -6.097079e+01 2.903787e+01
-1.117783e+02 0.000000e+00 -6.097079e+01 -5.080754e+01
-1.905505e+02 0.000000e+00 -6.097079e+01 -1.295797e+02
-3.106638e+01 0.000000e+00 -2.570629e+00 -2.849575e+01
1.986940e+01 0.000000e+00 1.060569e+01 9.263709e+00
8.445807e+00 0.000000e+00 -2.570629e+00 1.101644e+01
1.158708e+00 0.000000e+00 -2.570629e+00 3.729337e+00
-2.075518e+01 0.000000e+00 1.060569e+01 -3.136087e+01
-8.080755e+01 0.000000e+00 1.060569e+01 -9.141324e+01
-3.665576e-01 0.000000e+00 -1.399485e+01 1.362830e+01
2.256328e+00 0.000000e+00 -2.570629e+00 4.826957e+00
4.930015e+01 0.000000e+00 -1.399485e+01 6.329501e+01
-1.511151e+01 0.000000e+00 -2.570629e+00 -1.254088e+01
-6.542749e+00 0.000000e+00 -2.570629e+00 -3.972120e+00
-3.824088e+01 0.000000e+00 -2.570629e+00 -3.567025e+01
1.566208e+01 0.000000e+00 1.060569e+01 5.056391e+00
4.583589e+01 0.000000e+00 -8.185357e-01 4.665442e+01
-1.166129e+02 0.000000e+00 1.060569e+01 -1.272186e+02
1.833634e+01 0.000000e+00 1.060569e+01 7.730651e+00
4.939030e+01 0.000000e+00 -2.570629e+00 5.196093e+01
1.413636e+01 0.000000e+00 -8.185357e-01 1.495490e+01
-1.363345e+01 0.000000e+00 -2.570629e+00 -1.106282e+01
9.924044e-01 0.000000e+00 -2.570629e+00 3.563034e+00
-7.611614e+00 0.000000e+00 -1.675803e+01 9.146420e+00
-1.281553e+01 0.000000e+00 -1.675803e+01 3.942501e+00
-2.962157e+01 0.000000e+00 -1.675803e+01 -1.286353e+01
-3.939448e+00 0.000000e+00 -3.581715e+00 -3.577323e-01
-3.269492e+01 0.000000e+00 -1.675803e+01 -1.593688e+01
-8.517472e+01 0.000000e+00 -1.675803e+01 -6.841669e+01
-3.797503e+01 0.000000e+00 -1.675803e+01 -2.121700e+01
9.285229e+00 0.000000e+00 -3.581715e+00 1.286694e+01
-6.640185e+01 0.000000e+00 -1.675803e+01 -4.964381e+01
-2.510513e+01 0.000000e+00 -1.675803e+01 -8.347093e+00
-1.085882e+01 0.000000e+00 -3.581715e+00 -7.277106e+00
-3.960785e+01 0.000000e+00 -3.581715e+00 -3.602614e+01
4.098704e+00 0.000000e+00 -3.581715e+00 7.680420e+00
1.246027e+01 0.000000e+00 -3.581715e+00 1.604199e+01
-2.356620e+01 0.000000e+00 -3.581715e+00 -1.998449e+01
