6.499507e+01 -7.368177e-01 4.218894e-01 6.383636e+01
1.186445e+02 -7.368177e-01 1.594307e+00 1.163134e+02
5.827892e-01 -7.368177e-01 4.218894e-01 -5.759179e-01
-3.371201e+00 -7.368177e-01 4.218894e-01 -4.529908e+00
1.437660e+01 -7.368177e-01 1.594307e+00 1.204548e+01
9.669535e+01 -7.368177e-01 1.594307e+00 9.436423e+01
-2.431773e+00 -7.368177e-01 -4.810242e-01 -2.687566e+00
8.969810e-01 -7.368177e-01 4.218894e-01 -2.617261e-01
-3.135904e+01 -7.368177e-01 -4.810242e-01 -3.161483e+01
1.519363e-01 -7.368177e-01 4.218894e-01 -1.006771e+00
4.715175e+01 -7.368177e-01 4.218894e-01 4.599305e+01
5.838394e+01 -7.368177e-01 1.594307e+00 5.605281e+01
9.645011e+01 -7.368177e-01 1.594307e+00 9.411898e+01
6.012261e+01 -7.368177e-01 6.913934e-01 5.869439e+01
-1.314388e+02 -7.368177e-01 1.594307e+00 -1.337699e+02
-3.321257e+01 -7.368177e-01 1.594307e+00 -3.554369e+01
6.510364e-01 -7.368177e-01 4.218894e-01 -5.076707e-01
2.921203e-01 -7.368177e-01 6.913934e-01 -1.136091e+00
4.636331e-01 -7.368177e-01 4.218894e-01 -6.950740e-01
2.978998e+01 1.527620e+01 3.693836e+01 8.127811e+00
1.000354e+00 -7.368177e-01 4.218894e-01 -1.583533e-01
7.823201e+01 1.527620e+01 3.693836e+01 5.656985e+01
3.574418e+01 1.527620e+01 3.693836e+01 1.408202e+01
4.691152e+01 1.527620e+01 3.811078e+01 2.407694e+01
3.917708e+01 1.527620e+01 3.693836e+01 1.751491e+01
3.968809e+01 1.527620e+01 3.693836e+01 1.802593e+01
6.317399e+01 1.527620e+01 3.693836e+01 4.151183e+01
7.091924e+01 1.527620e+01 3.811078e+01 4.808466e+01
5.319705e+01 1.527620e+01 3.693836e+01 3.153488e+01
3.846930e+01 1.527620e+01 3.693836e+01 1.680713e+01
3.425644e+01 1.527620e+01 3.811078e+01 1.142186e+01
8.696028e+00 1.527620e+01 3.811078e+01 -1.413855e+01
6.785231e+01 1.527620e+01 3.811078e+01 4.501773e+01
8.802392e+01 1.527620e+01 3.811078e+01 6.518934e+01
6.330317e+01 1.527620e+01 3.811078e+01 4.046859e+01
6.011878e+01 1.527620e+01 3.711794e+01 3.827704e+01
1.186050e+02 1.527620e+01 3.829035e+01 9.559081e+01
1.997060e+01 1.527620e+01 3.711794e+01 -1.871140e+00
-7.439844e+00 1.527620e+01 3.711794e+01 -2.928158e+01
3.576927e+01 1.527620e+01 3.829035e+01 1.275512e+01
1.739737e+01 1.527620e+01 3.829035e+01 -5.616789e+00
7.601198e+01 1.527620e+01 3.621502e+01 5.507315e+01
3.628242e+01 1.527620e+01 3.711794e+01 1.444068e+01
6.379358e+01 1.527620e+01 3.621502e+01 4.285476e+01
-3.003320e+01 1.527620e+01 3.711794e+01 -5.187494e+01
4.477105e+01 1.527620e+01 3.711794e+01 2.292931e+01
3.966070e+01 1.527620e+01 3.829035e+01 1.664654e+01
8.356958e+01 1.527620e+01 3.829035e+01 6.055542e+01
3.050639e+01 1.527620e+01 3.738744e+01 8.395148e+00
5.503938e+01 1.527620e+01 3.829035e+01 3.202523e+01
6.225514e+01 1.527620e+01 3.829035e+01 3.924098e+01
2.464026e+01 1.527620e+01 3.711794e+01 2.798521e+00
4.596332e+01 1.527620e+01 3.738744e+01 2.385208e+01
3.065387e+01 1.527620e+01 3.711794e+01 8.812129e+00
5.535124e+01 -7.368177e-01 6.014644e-01 5.401295e+01
6.135047e+01 1.527620e+01 3.711794e+01 3.950873e+01
3.223505e+01 -7.368177e-01 6.014644e-01 3.089677e+01
2.122049e+00 -7.368177e-01 6.014644e-01 7.837668e-01
1.627092e+00 -7.368177e-01 1.773882e+00 -8.836074e-01
2.559229e+02 -7.368177e-01 6.014644e-01 2.545846e+02
3.010225e+00 -7.368177e-01 6.014644e-01 1.671943e+00
-4.735047e+01 -7.368177e-01 6.014644e-01 -4.868875e+01
-2.497932e+01 -7.368177e-01 1.773882e+00 -2.749002e+01
2.854574e-01 -7.368177e-01 6.014644e-01 -1.052825e+00
3.003142e+00 -7.368177e-01 6.014644e-01 1.664860e+00
9.826770e+01 -7.368177e-01 1.773882e+00 9.575700e+01
-1.057360e+01 -7.368177e-01 1.773882e+00 -1.308430e+01
-4.557737e+01 -7.368177e-01 1.773882e+00 -4.808807e+01
-9.237984e+01 -7.368177e-01 1.773882e+00 -9.489054e+01
-8.393883e+01 -7.368177e-01 1.773882e+00 -8.644953e+01
3.474504e+01 1.470421e+01 3.553728e+01 1.391197e+01
1.415318e+02 1.470421e+01 3.670970e+01 1.195263e+02
5.239394e+01 1.470421e+01 3.553728e+01 3.156086e+01
8.905440e-01 1.470421e+01 3.553728e+01 -1.994253e+01
3.978502e+01 1.470421e+01 3.670970e+01 1.777953e+01
5.719810e+01 1.470421e+01 3.670970e+01 3.519261e+01
2.768879e+01 1.470421e+01 3.463437e+01 7.758633e+00
2.748569e+01 1.470421e+01 3.553728e+01 6.652616e+00
4.547885e+01 1.470421e+01 3.463437e+01 2.554869e+01
3.823864e+01 1.470421e+01 3.553728e+01 1.740557e+01
6.252609e+01 1.470421e+01 3.553728e+01 4.169302e+01
1.300843e+01 1.470421e+01 3.553728e+01 -7.824639e+00
6.959520e+01 1.470421e+01 3.670970e+01 4.758971e+01
4.512934e+01 1.470421e+01 3.580678e+01 2.402677e+01
4.456054e+01 1.470421e+01 3.670970e+01 2.255505e+01
2.526191e+01 1.470421e+01 3.670970e+01 3.256420e+00
3.078463e+01 1.470421e+01 3.553728e+01 9.951561e+00
8.037812e+01 1.470421e+01 3.580678e+01 5.927554e+01
8.557480e+01 1.470421e+01 3.553728e+01 6.474172e+01
5.908372e+01 1.470421e+01 3.553728e+01 3.825064e+01
4.481703e+01 1.470421e+01 3.571685e+01 2.380438e+01
5.076140e+01 1.470421e+01 3.571685e+01 2.974875e+01
3.261033e+01 1.470421e+01 3.571685e+01 1.159768e+01
6.335710e+01 1.470421e+01 3.688927e+01 4.117203e+01
1.112575e+02 1.470421e+01 3.571685e+01 9.024481e+01
4.948717e+01 1.470421e+01 3.571685e+01 2.847452e+01
2.959792e+01 1.470421e+01 3.571685e+01 8.585277e+00
1.134109e+01 1.470421e+01 3.688927e+01 -1.084398e+01
3.188170e+01 1.470421e+01 3.571685e+01 1.086905e+01
2.160130e+01 1.470421e+01 3.571685e+01 5.886556e-01
4.318433e+01 1.470421e+01 3.688927e+01 2.099927e+01
5.050131e+01 1.470421e+01 3.688927e+01 2.831624e+01
4.068845e+01 1.470421e+01 3.688927e+01 1.850338e+01
2.137118e+01 1.470421e+01 3.688927e+01 -8.138856e-01
-4.373864e+01 1.470421e+01 3.688927e+01 -6.592371e+01
3.025003e+01 0.000000e+00 -3.247176e+01 6.272179e+01
-2.288728e+01 0.000000e+00 -3.129934e+01 8.412064e+00
-5.181115e+01 0.000000e+00 -3.247176e+01 -1.933938e+01
-4.261745e+00 0.000000e+00 -3.247176e+01 2.821002e+01
-2.540842e+01 0.000000e+00 -3.129934e+01 5.890928e+00
3.949725e+01 0.000000e+00 -3.129934e+01 7.079659e+01
-3.012057e+01 0.000000e+00 -3.337468e+01 3.254110e+00
-2.658871e+01 0.000000e+00 -3.247176e+01 5.883054e+00
-7.683789e+01 0.000000e+00 -3.337468e+01 -4.346321e+01
-3.808670e+01 0.000000e+00 -3.247176e+01 -5.614942e+00
-1.537434e+01 0.000000e+00 -3.247176e+01 1.709742e+01
4.537550e+01 0.000000e+00 -3.247176e+01 7.784726e+01
2.685491e+01 0.000000e+00 -3.129934e+01 5.815425e+01
1.499326e+01 0.000000e+00 -3.220226e+01 4.719552e+01
-1.759994e+02 0.000000e+00 -3.129934e+01 -1.447000e+02
-5.847448e+01 0.000000e+00 -3.129934e+01 -2.717513e+01
-3.013360e+01 0.000000e+00 -3.247176e+01 2.338165e+00
-8.008600e+01 0.000000e+00 -3.220226e+01 -4.788374e+01
-8.511116e+01 0.000000e+00 -3.247176e+01 -5.263940e+01
-5.808336e+01 0.000000e+00 -3.247176e+01 -2.561160e+01
1.053421e+01 0.000000e+00 -3.229219e+01 4.282640e+01
-1.852634e+01 0.000000e+00 -3.229219e+01 1.376584e+01
-3.048828e+01 0.000000e+00 -3.229219e+01 1.803909e+00
-6.173000e+01 0.000000e+00 -3.111977e+01 -3.061023e+01
1.446654e+02 0.000000e+00 -3.229219e+01 1.769576e+02
-4.647695e+01 0.000000e+00 -3.229219e+01 -1.418476e+01
-7.694840e+01 0.000000e+00 -3.229219e+01 -4.465621e+01
-3.632040e+01 0.000000e+00 -3.111977e+01 -5.200634e+00
-3.159624e+01 0.000000e+00 -3.229219e+01 6.959445e-01
-1.859816e+01 0.000000e+00 -3.229219e+01 1.369403e+01
5.508337e+01 0.000000e+00 -3.111977e+01 8.620313e+01
-6.107491e+01 0.000000e+00 -3.111977e+01 -2.995514e+01
-8.626582e+01 0.000000e+00 -3.111977e+01 -5.514605e+01
-1.137510e+02 0.000000e+00 -3.111977e+01 -8.263125e+01
-4.020018e+01 0.000000e+00 -3.111977e+01 -9.080415e+00
-3.025003e+01 0.000000e+00 3.200101e+01 -6.225104e+01
2.288728e+01 0.000000e+00 3.317343e+01 -1.028615e+01
5.181115e+01 0.000000e+00 3.200101e+01 1.981013e+01
4.261745e+00 0.000000e+00 3.200101e+01 -2.773927e+01
2.540842e+01 0.000000e+00 3.317343e+01 -7.765015e+00
-3.949725e+01 0.000000e+00 3.317343e+01 -7.267068e+01
3.012057e+01 0.000000e+00 3.109810e+01 -9.775355e-01
2.658871e+01 0.000000e+00 3.200101e+01 -5.412306e+00
7.683789e+01 0.000000e+00 3.109810e+01 4.573979e+01
3.808670e+01 0.000000e+00 3.200101e+01 6.085690e+00
1.537434e+01 0.000000e+00 3.200101e+01 -1.662668e+01
-4.537550e+01 0.000000e+00 3.200101e+01 -7.737652e+01
-2.685491e+01 0.000000e+00 3.317343e+01 -6.002834e+01
-1.499326e+01 0.000000e+00 3.227052e+01 -4.726378e+01
1.759994e+02 0.000000e+00 3.317343e+01 1.428259e+02
5.847448e+01 0.000000e+00 3.317343e+01 2.530104e+01
3.013360e+01 0.000000e+00 3.200101e+01 -1.867417e+00
8.008600e+01 0.000000e+00 3.227052e+01 4.781548e+01
8.511116e+01 0.000000e+00 3.200101e+01 5.311015e+01
5.808336e+01 0.000000e+00 3.200101e+01 2.608235e+01
-1.053421e+01 0.000000e+00 3.218059e+01 -4.271480e+01
1.852634e+01 0.000000e+00 3.218059e+01 -1.365425e+01
3.048828e+01 0.000000e+00 3.218059e+01 -1.692311e+00
6.173000e+01 0.000000e+00 3.335301e+01 2.837700e+01
-1.446654e+02 0.000000e+00 3.218059e+01 -1.768460e+02
4.647695e+01 0.000000e+00 3.218059e+01 1.429636e+01
7.694840e+01 0.000000e+00 3.218059e+01 4.476781e+01
3.632040e+01 0.000000e+00 3.335301e+01 2.967397e+00
3.159624e+01 0.000000e+00 3.218059e+01 -5.843467e-01
1.859816e+01 0.000000e+00 3.218059e+01 -1.358243e+01
-5.508337e+01 0.000000e+00 3.335301e+01 -8.843637e+01
6.107491e+01 0.000000e+00 3.335301e+01 2.772191e+01
8.626582e+01 0.000000e+00 3.335301e+01 5.291281e+01
1.137510e+02 0.000000e+00 3.335301e+01 8.039801e+01
4.020018e+01 0.000000e+00 3.335301e+01 6.847177e+00
-1.073591e+01 0.000000e+00 9.475814e-01 -1.168349e+01
1.089949e+00 0.000000e+00 2.119999e+00 -1.030050e+00
1.310395e+00 0.000000e+00 9.475814e-01 3.628139e-01
1.332146e+00 0.000000e+00 9.475814e-01 3.845650e-01
-1.373071e-01 0.000000e+00 2.119999e+00 -2.257306e+00
-5.775100e+00 0.000000e+00 2.119999e+00 -7.895099e+00
8.543484e+00 0.000000e+00 4.466776e-02 8.498816e+00
1.754362e+00 0.000000e+00 9.475814e-01 8.067807e-01
5.143048e+00 0.000000e+00 4.466776e-02 5.098381e+00
-1.699738e+00 0.000000e+00 9.475814e-01 -2.647319e+00
1.358977e-01 0.000000e+00 9.475814e-01 -8.116837e-01
-9.346125e+00 0.000000e+00 9.475814e-01 -1.029371e+01
-7.028267e+00 0.000000e+00 2.119999e+00 -9.148266e+00
-6.035962e+00 0.000000e+00 1.217085e+00 -7.253048e+00
1.704612e+01 0.000000e+00 2.119999e+00 1.492612e+01
7.126195e+00 0.000000e+00 2.119999e+00 5.006196e+00
7.272166e-01 0.000000e+00 9.475814e-01 -2.203649e-01
4.397028e+00 0.000000e+00 1.217085e+00 3.179943e+00
-3.102245e+00 0.000000e+00 9.475814e-01 -4.049826e+00
5.402341e+00 0.000000e+00 9.475814e-01 4.454759e+00
-6.516001e+00 0.000000e+00 1.127156e+00 -7.643157e+00
-1.306453e+00 0.000000e+00 1.127156e+00 -2.433609e+00
3.136262e+00 0.000000e+00 1.127156e+00 2.009106e+00
9.239771e+00 0.000000e+00 2.299574e+00 6.940197e+00
-1.431713e+01 0.000000e+00 1.127156e+00 -1.544429e+01
9.078947e+00 0.000000e+00 1.127156e+00 7.951791e+00
2.647526e+00 0.000000e+00 1.127156e+00 1.520369e+00
2.360239e+00 0.000000e+00 2.299574e+00 6.066524e-02
-2.707083e+00 0.000000e+00 1.127156e+00 -3.834239e+00
7.243062e+00 0.000000e+00 1.127156e+00 6.115906e+00
-1.030116e+01 0.000000e+00 2.299574e+00 -1.260073e+01
8.545159e+00 0.000000e+00 2.299574e+00 6.245585e+00
2.013270e+01 0.000000e+00 2.299574e+00 1.783312e+01
8.039839e+00 0.000000e+00 2.299574e+00 5.740265e+00
1.126185e+01 0.000000e+00 2.299574e+00 8.962275e+00
