-3.332560e+01 0.000000e+00 -6.376300e-01 -3.268797e+01
-1.882021e+01 0.000000e+00 4.083580e-01 -1.922856e+01
-1.225667e+00 0.000000e+00 -6.376300e-01 -5.880366e-01
-3.185261e+02 0.000000e+00 -6.376300e-01 -3.178885e+02
6.283443e+00 0.000000e+00 4.083580e-01 5.875085e+00
4.920948e+00 0.000000e+00 4.083580e-01 4.512590e+00
2.441532e+01 0.000000e+00 -1.027845e+00 2.544317e+01
-2.163369e+00 0.000000e+00 -6.376300e-01 -1.525739e+00
-2.084832e+01 0.000000e+00 -1.027845e+00 -1.982048e+01
-1.048757e-01 0.000000e+00 -6.376300e-01 5.327543e-01
-1.404851e+01 0.000000e+00 -6.376300e-01 -1.341088e+01
4.744867e+01 0.000000e+00 4.083580e-01 4.704031e+01
-1.727023e+01 0.000000e+00 4.083580e-01 -1.767859e+01
1.494526e+02 0.000000e+00 1.814293e-02 1.494345e+02
1.426513e+02 0.000000e+00 4.083580e-01 1.422429e+02
1.911863e+01 0.000000e+00 4.083580e-01 1.871027e+01
-1.253582e+00 0.000000e+00 -6.376300e-01 -6.159521e-01
-2.055423e-01 0.000000e+00 1.814293e-02 -2.236852e-01
-2.603817e-02 0.000000e+00 -6.376300e-01 6.115918e-01
-1.225886e+01 0.000000e+00 -2.978828e+01 1.752943e+01
8.776552e-01 0.000000e+00 -6.376300e-01 1.515285e+00
-2.403271e+01 0.000000e+00 -2.978828e+01 5.755572e+00
-4.840921e+01 0.000000e+00 -2.978828e+01 -1.862093e+01
-4.627739e+01 0.000000e+00 -2.874229e+01 -1.753509e+01
-1.009138e+01 0.000000e+00 -2.978828e+01 1.969691e+01
-2.596143e+01 0.000000e+00 -2.978828e+01 3.826855e+00
-2.277902e+01 0.000000e+00 -2.978828e+01 7.009264e+00
-1.892844e+01 0.000000e+00 -2.874229e+01 9.813851e+00
-7.938944e+01 0.000000e+00 -2.978828e+01 -4.960116e+01
-6.999983e+01 0.000000e+00 -2.978828e+01 -4.021155e+01
-6.106528e+01 0.000000e+00 -2.874229e+01 -3.232299e+01
-3.005673e+01 0.000000e+00 -2.874229e+01 -1.314436e+00
-5.479866e+01 0.000000e+00 -2.874229e+01 -2.605637e+01
-8.378849e+01 0.000000e+00 -2.874229e+01 -5.504619e+01
-6.463816e+01 0.000000e+00 -2.874229e+01 -3.589587e+01
-7.928580e+00 0.000000e+00 -2.804916e+01 2.012058e+01
-6.462958e+01 0.000000e+00 -2.700317e+01 -3.762641e+01
-4.117886e+01 0.000000e+00 -2.804916e+01 -1.312970e+01
-1.757609e+01 0.000000e+00 -2.804916e+01 1.047307e+01
-2.517454e+01 0.000000e+00 -2.700317e+01 1.828636e+00
-6.704858e+01 0.000000e+00 -2.700317e+01 -4.004541e+01
-1.697621e+01 0.000000e+00 -2.843938e+01 1.146317e+01
-4.791671e+01 0.000000e+00 -2.804916e+01 -1.986755e+01
-9.709870e+00 0.000000e+00 -2.843938e+01 1.872951e+01
-4.821308e+01 0.000000e+00 -2.804916e+01 -2.016392e+01
-5.702311e+00 0.000000e+00 -2.804916e+01 2.234685e+01
-3.272773e+00 0.000000e+00 -2.700317e+01 2.373040e+01
-1.117109e+01 0.000000e+00 -2.700317e+01 1.583209e+01
-8.179094e+01 0.000000e+00 -2.739339e+01 -5.439755e+01
3.096513e+01 0.000000e+00 -2.700317e+01 5.796831e+01
-1.533425e+01 0.000000e+00 -2.700317e+01 1.166892e+01
-1.684110e+01 0.000000e+00 -2.804916e+01 1.120806e+01
-5.793204e+01 0.000000e+00 -2.739339e+01 -3.053865e+01
-1.882207e+01 0.000000e+00 -2.804916e+01 9.227088e+00
1.488710e+02 0.000000e+00 1.101492e+00 1.477695e+02
-1.040899e+01 0.000000e+00 -2.804916e+01 1.764017e+01
4.913996e+01 0.000000e+00 1.101492e+00 4.803846e+01
-6.997513e-01 0.000000e+00 1.101492e+00 -1.801244e+00
7.910897e-01 0.000000e+00 2.147481e+00 -1.356391e+00
-8.746492e+01 0.000000e+00 1.101492e+00 -8.856641e+01
7.310780e+01 0.000000e+00 1.101492e+00 7.200631e+01
9.984522e+01 0.000000e+00 1.101492e+00 9.874373e+01
8.719361e+01 0.000000e+00 2.147481e+00 8.504613e+01
-2.193148e+00 0.000000e+00 1.101492e+00 -3.294641e+00
1.771266e+02 0.000000e+00 1.101492e+00 1.760251e+02
4.610284e+01 0.000000e+00 2.147481e+00 4.395536e+01
4.979932e+01 0.000000e+00 2.147481e+00 4.765184e+01
1.206496e+01 0.000000e+00 2.147481e+00 9.917475e+00
1.133083e+02 0.000000e+00 2.147481e+00 1.111609e+02
3.471873e+01 0.000000e+00 2.147481e+00 3.257125e+01
-3.339064e+01 0.000000e+00 -4.024130e+01 6.850664e+00
-9.889180e+01 0.000000e+00 -3.919532e+01 -5.969649e+01
-8.582703e+01 0.000000e+00 -4.024130e+01 -4.558573e+01
-7.509308e+01 0.000000e+00 -4.024130e+01 -3.485178e+01
-5.376347e+01 0.000000e+00 -3.919532e+01 -1.456815e+01
-5.091615e+01 0.000000e+00 -3.919532e+01 -1.172084e+01
-2.703084e+01 0.000000e+00 -4.063152e+01 1.360068e+01
-6.431039e+01 0.000000e+00 -4.024130e+01 -2.406909e+01
-1.900060e+01 0.000000e+00 -4.063152e+01 2.163092e+01
-6.899849e+01 0.000000e+00 -4.024130e+01 -2.875718e+01
-2.450168e+01 0.000000e+00 -4.024130e+01 1.573962e+01
-3.974900e+01 0.000000e+00 -4.024130e+01 4.923058e-01
-4.028488e+01 0.000000e+00 -3.919532e+01 -1.089563e+00
-1.141720e+01 0.000000e+00 -3.958553e+01 2.816833e+01
-9.597649e+01 0.000000e+00 -3.919532e+01 -5.678117e+01
8.692394e-01 0.000000e+00 -3.919532e+01 4.006455e+01
-7.823710e+01 0.000000e+00 -4.024130e+01 -3.799580e+01
-9.096037e+01 0.000000e+00 -3.958553e+01 -5.137484e+01
-4.758365e+01 0.000000e+00 -4.024130e+01 -7.342351e+00
-4.340416e+01 0.000000e+00 -4.024130e+01 -3.162857e+00
1.374795e+01 0.000000e+00 -3.850218e+01 5.225013e+01
-2.741925e+01 0.000000e+00 -3.850218e+01 1.108293e+01
-3.564146e+01 0.000000e+00 -3.850218e+01 2.860719e+00
-4.935232e+01 0.000000e+00 -3.745619e+01 -1.189612e+01
-7.166740e+01 0.000000e+00 -3.850218e+01 -3.316522e+01
-2.041893e+01 0.000000e+00 -3.850218e+01 1.808325e+01
-1.930117e+01 0.000000e+00 -3.850218e+01 1.920102e+01
-4.258109e+00 0.000000e+00 -3.745619e+01 3.319808e+01
-6.975666e+01 0.000000e+00 -3.850218e+01 -3.125448e+01
-3.188161e+01 0.000000e+00 -3.850218e+01 6.620575e+00
-1.844856e+01 0.000000e+00 -3.745619e+01 1.900764e+01
-5.891111e+01 0.000000e+00 -3.745619e+01 -2.145491e+01
-2.897844e+01 0.000000e+00 -3.745619e+01 8.477756e+00
-4.552132e+01 0.000000e+00 -3.745619e+01 -8.065124e+00
-8.771031e+00 0.000000e+00 -3.745619e+01 2.868516e+01
6.503751e-02 5.839161e+01 5.720117e+01 1.255481e+00
8.007160e+01 5.839161e+01 5.824716e+01 8.021605e+01
8.460137e+01 5.839161e+01 5.720117e+01 8.579181e+01
-2.434330e+02 5.839161e+01 5.720117e+01 -2.422426e+02
6.004691e+01 5.839161e+01 5.824716e+01 6.019137e+01
5.583710e+01 5.839161e+01 5.824716e+01 5.598156e+01
5.144616e+01 5.839161e+01 5.681096e+01 5.302682e+01
6.214702e+01 5.839161e+01 5.720117e+01 6.333747e+01
-1.847727e+00 5.839161e+01 5.681096e+01 -2.670683e-01
6.889361e+01 5.839161e+01 5.720117e+01 7.008406e+01
1.045317e+01 5.839161e+01 5.720117e+01 1.164362e+01
8.719767e+01 5.839161e+01 5.720117e+01 8.838811e+01
2.301465e+01 5.839161e+01 5.824716e+01 2.315910e+01
1.608698e+02 5.839161e+01 5.785694e+01 1.614045e+02
2.386278e+02 5.839161e+01 5.824716e+01 2.387722e+02
1.824939e+01 5.839161e+01 5.824716e+01 1.839384e+01
7.698352e+01 5.839161e+01 5.720117e+01 7.817396e+01
9.075483e+01 5.839161e+01 5.785694e+01 9.128950e+01
4.755762e+01 5.839161e+01 5.720117e+01 4.874806e+01
4.428182e+01 5.839161e+01 5.720117e+01 4.547226e+01
1.351231e+02 5.839161e+01 5.894029e+01 1.345744e+02
7.655920e+01 5.839161e+01 5.894029e+01 7.601052e+01
3.494171e+01 5.839161e+01 5.894029e+01 3.439303e+01
5.014341e+01 5.839161e+01 5.998628e+01 4.854874e+01
-1.579752e+01 5.839161e+01 5.894029e+01 -1.634620e+01
9.352673e+01 5.839161e+01 5.894029e+01 9.297805e+01
1.191464e+02 5.839161e+01 5.894029e+01 1.185977e+02
9.145172e+01 5.839161e+01 5.998628e+01 8.985705e+01
6.756352e+01 5.839161e+01 5.894029e+01 6.701484e+01
2.090082e+02 5.839161e+01 5.894029e+01 2.084595e+02
6.455139e+01 5.839161e+01 5.998628e+01 6.295673e+01
1.087104e+02 5.839161e+01 5.998628e+01 1.071158e+02
4.104339e+01 5.839161e+01 5.998628e+01 3.944873e+01
1.588297e+02 5.839161e+01 5.998628e+01 1.572350e+02
4.348976e+01 5.839161e+01 5.998628e+01 4.189509e+01
-6.503751e-02 0.000000e+00 -5.890177e+01 5.883673e+01
-8.007160e+01 0.000000e+00 -5.785578e+01 -2.221581e+01
-8.460137e+01 0.000000e+00 -5.890177e+01 -2.569959e+01
2.434330e+02 0.000000e+00 -5.890177e+01 3.023348e+02
-6.004691e+01 0.000000e+00 -5.785578e+01 -2.191127e+00
-5.583710e+01 0.000000e+00 -5.785578e+01 2.018682e+00
-5.144616e+01 0.000000e+00 -5.929199e+01 7.845824e+00
-6.214702e+01 0.000000e+00 -5.890177e+01 -3.245252e+00
1.847727e+00 0.000000e+00 -5.929199e+01 6.113971e+01
-6.889361e+01 0.000000e+00 -5.890177e+01 -9.991841e+00
-1.045317e+01 0.000000e+00 -5.890177e+01 4.844860e+01
-8.719767e+01 0.000000e+00 -5.890177e+01 -2.829590e+01
-2.301465e+01 0.000000e+00 -5.785578e+01 3.484114e+01
-1.608698e+02 0.000000e+00 -5.824600e+01 -1.026238e+02
-2.386278e+02 0.000000e+00 -5.785578e+01 -1.807720e+02
-1.824939e+01 0.000000e+00 -5.785578e+01 3.960640e+01
-7.698352e+01 0.000000e+00 -5.890177e+01 -1.808175e+01
-9.075483e+01 0.000000e+00 -5.824600e+01 -3.250883e+01
-4.755762e+01 0.000000e+00 -5.890177e+01 1.134416e+01
-4.428182e+01 0.000000e+00 -5.890177e+01 1.461996e+01
-1.351231e+02 0.000000e+00 -5.716265e+01 -7.796042e+01
-7.655920e+01 0.000000e+00 -5.716265e+01 -1.939656e+01
-3.494171e+01 0.000000e+00 -5.716265e+01 2.222094e+01
-5.014341e+01 0.000000e+00 -5.611666e+01 5.973255e+00
1.579752e+01 0.000000e+00 -5.716265e+01 7.296017e+01
-9.352673e+01 0.000000e+00 -5.716265e+01 -3.636409e+01
-1.191464e+02 0.000000e+00 -5.716265e+01 -6.198374e+01
-9.145172e+01 0.000000e+00 -5.611666e+01 -3.533506e+01
-6.756352e+01 0.000000e+00 -5.716265e+01 -1.040087e+01
-2.090082e+02 0.000000e+00 -5.716265e+01 -1.518455e+02
-6.455139e+01 0.000000e+00 -5.611666e+01 -8.434733e+00
-1.087104e+02 0.000000e+00 -5.611666e+01 -5.259376e+01
-4.104339e+01 0.000000e+00 -5.611666e+01 1.507327e+01
-1.588297e+02 0.000000e+00 -5.611666e+01 -1.027130e+02
-4.348976e+01 0.000000e+00 -5.611666e+01 1.262690e+01
6.255891e+00 0.000000e+00 -1.619447e+00 7.875338e+00
-4.474095e+00 0.000000e+00 -5.734591e-01 -3.900636e+00
-4.692645e+00 0.000000e+00 -1.619447e+00 -3.073197e+00
2.376562e+01 0.000000e+00 -1.619447e+00 2.538506e+01
-2.334371e+00 0.000000e+00 -5.734591e-01 -1.760912e+00
-3.526728e-01 0.000000e+00 -5.734591e-01 2.207864e-01
1.576803e+00 0.000000e+00 -2.009662e+00 3.586466e+00
-3.662027e+00 0.000000e+00 -1.619447e+00 -2.042579e+00
1.896440e-01 0.000000e+00 -2.009662e+00 2.199306e+00
3.722152e+00 0.000000e+00 -1.619447e+00 5.341600e+00
1.329674e+01 0.000000e+00 -1.619447e+00 1.491619e+01
9.440007e-01 0.000000e+00 -1.619447e+00 2.563448e+00
2.546389e+00 0.000000e+00 -5.734591e-01 3.119848e+00
-1.855634e+01 0.000000e+00 -9.636742e-01 -1.759267e+01
-1.451079e+01 0.000000e+00 -5.734591e-01 -1.393733e+01
2.012272e+00 0.000000e+00 -5.734591e-01 2.585731e+00
1.442647e+00 0.000000e+00 -1.619447e+00 3.062094e+00
-1.795712e+00 0.000000e+00 -9.636742e-01 -8.320380e-01
4.271003e+00 0.000000e+00 -1.619447e+00 5.890450e+00
2.014331e+00 0.000000e+00 -1.619447e+00 3.633779e+00
-8.940678e+00 0.000000e+00 1.196753e-01 -9.060353e+00
-5.891053e+00 0.000000e+00 1.196753e-01 -6.010728e+00
3.624487e+00 0.000000e+00 1.196753e-01 3.504812e+00
1.275523e+01 0.000000e+00 1.165663e+00 1.158956e+01
3.722061e+00 0.000000e+00 1.196753e-01 3.602385e+00
-4.244919e+00 0.000000e+00 1.196753e-01 -4.364594e+00
-1.162286e+01 0.000000e+00 1.196753e-01 -1.174253e+01
-1.092678e+01 0.000000e+00 1.165663e+00 -1.209245e+01
-4.187067e+00 0.000000e+00 1.196753e-01 -4.306742e+00
-1.002493e+01 0.000000e+00 1.196753e-01 -1.014460e+01
-1.730082e+00 0.000000e+00 1.165663e+00 -2.895746e+00
-2.419482e+00 0.000000e+00 1.165663e+00 -3.585145e+00
-7.709017e-01 0.000000e+00 1.165663e+00 -1.936565e+00
1.314440e-01 0.000000e+00 1.165663e+00 -1.034219e+00
5.874233e+00 0.000000e+00 1.165663e+00 4.708570e+00
