6.093670e+01 0.000000e+00 2.063363e+00 5.887333e+01
1.164494e+02 0.000000e+00 3.888074e+00 1.125613e+02
6.217800e-01 0.000000e+00 2.063363e+00 -1.441583e+00
-4.347605e+00 0.000000e+00 2.063363e+00 -6.410969e+00
3.523263e+01 0.000000e+00 3.888074e+00 3.134456e+01
9.701633e+01 0.000000e+00 3.888074e+00 9.312825e+01
-8.199749e+00 0.000000e+00 1.574917e+00 -9.774666e+00
5.207620e-01 0.000000e+00 2.063363e+00 -1.542601e+00
-1.722550e+01 0.000000e+00 1.574917e+00 -1.880042e+01
7.854394e-02 0.000000e+00 2.063363e+00 -1.984820e+00
4.878299e+01 0.000000e+00 2.063363e+00 4.671963e+01
7.346240e+01 0.000000e+00 3.888074e+00 6.957433e+01
8.564962e+01 0.000000e+00 3.888074e+00 8.176155e+01
6.514123e+01 0.000000e+00 3.399628e+00 6.174160e+01
-1.022863e+02 0.000000e+00 3.888074e+00 -1.061743e+02
-4.898893e+01 0.000000e+00 3.888074e+00 -5.287701e+01
5.870498e-01 0.000000e+00 2.063363e+00 -1.476314e+00
3.088359e-01 0.000000e+00 3.399628e+00 -3.090792e+00
7.636911e-01 0.000000e+00 2.063363e+00 -1.299672e+00
3.991642e+01 4.588962e+01 4.516396e+01 4.064207e+01
1.085693e+01 0.000000e+00 2.063363e+00 8.793562e+00
7.692941e+01 4.588962e+01 4.516396e+01 7.765507e+01
3.750401e+01 4.588962e+01 4.516396e+01 3.822966e+01
5.655995e+01 4.588962e+01 4.698867e+01 5.546090e+01
5.230047e+01 4.588962e+01 4.516396e+01 5.302612e+01
5.276657e+01 4.588962e+01 4.516396e+01 5.349223e+01
7.812041e+01 4.588962e+01 4.516396e+01 7.884607e+01
7.506567e+01 4.588962e+01 4.698867e+01 7.396661e+01
5.376781e+01 4.588962e+01 4.516396e+01 5.449346e+01
4.253528e+01 4.588962e+01 4.516396e+01 4.326094e+01
3.726246e+01 4.588962e+01 4.698867e+01 3.616341e+01
7.660800e+00 4.588962e+01 4.698867e+01 6.561744e+00
8.330943e+01 4.588962e+01 4.698867e+01 8.221038e+01
1.065453e+02 4.588962e+01 4.698867e+01 1.054462e+02
6.802322e+01 4.588962e+01 4.698867e+01 6.692416e+01
7.333871e+01 4.588962e+01 4.516271e+01 7.406562e+01
1.308793e+02 4.588962e+01 4.698742e+01 1.297815e+02
2.970269e+01 4.588962e+01 4.516271e+01 3.042960e+01
4.350624e-01 4.588962e+01 4.516271e+01 1.161973e+00
4.298930e+01 4.588962e+01 4.698742e+01 4.189150e+01
2.405977e+01 4.588962e+01 4.698742e+01 2.296197e+01
8.816476e+01 4.588962e+01 4.467426e+01 8.938012e+01
3.725517e+01 4.588962e+01 4.516271e+01 3.798208e+01
7.554709e+01 4.588962e+01 4.467426e+01 7.676245e+01
-3.386653e+01 4.588962e+01 4.516271e+01 -3.313962e+01
6.668409e+01 4.588962e+01 4.516271e+01 6.741100e+01
4.957774e+01 4.588962e+01 4.698742e+01 4.847994e+01
9.379500e+01 4.588962e+01 4.698742e+01 9.269720e+01
3.307431e+01 4.588962e+01 4.649897e+01 3.246496e+01
6.251508e+01 4.588962e+01 4.698742e+01 6.141728e+01
6.644221e+01 4.588962e+01 4.698742e+01 6.534441e+01
2.887505e+01 4.588962e+01 4.516271e+01 2.960196e+01
5.355832e+01 4.588962e+01 4.649897e+01 5.294897e+01
5.483264e+01 4.588962e+01 4.516271e+01 5.555955e+01
6.104159e+01 0.000000e+00 2.062107e+00 5.897948e+01
6.719663e+01 4.588962e+01 4.516271e+01 6.792354e+01
2.023728e+01 0.000000e+00 2.062107e+00 1.817517e+01
2.404477e+00 0.000000e+00 2.062107e+00 3.423703e-01
1.789629e+00 0.000000e+00 3.886817e+00 -2.097189e+00
2.320720e+02 0.000000e+00 2.062107e+00 2.300099e+02
4.513191e+00 0.000000e+00 2.062107e+00 2.451084e+00
-1.632265e+01 0.000000e+00 2.062107e+00 -1.838475e+01
-1.611654e+01 0.000000e+00 3.886817e+00 -2.000336e+01
1.482186e-01 0.000000e+00 2.062107e+00 -1.913888e+00
-3.950688e+00 0.000000e+00 2.062107e+00 -6.012795e+00
1.052173e+02 0.000000e+00 3.886817e+00 1.013305e+02
-5.608000e+00 0.000000e+00 3.886817e+00 -9.494817e+00
-3.884234e+01 0.000000e+00 3.886817e+00 -4.272916e+01
-1.013360e+02 0.000000e+00 3.886817e+00 -1.052229e+02
-8.407360e+01 0.000000e+00 3.886817e+00 -8.796042e+01
3.279080e+01 0.000000e+00 3.115917e+01 1.631628e+00
1.290132e+02 0.000000e+00 3.298388e+01 9.602934e+01
5.171294e+01 0.000000e+00 3.115917e+01 2.055377e+01
-7.975421e+00 0.000000e+00 3.115917e+01 -3.913459e+01
3.874305e+01 0.000000e+00 3.298388e+01 5.759164e+00
5.483491e+01 0.000000e+00 3.298388e+01 2.185103e+01
1.442788e+01 0.000000e+00 3.067073e+01 -1.624285e+01
2.204206e+01 0.000000e+00 3.115917e+01 -9.117114e+00
3.909893e+01 0.000000e+00 3.067073e+01 8.428207e+00
2.547891e+01 0.000000e+00 3.115917e+01 -5.680266e+00
7.004552e+01 0.000000e+00 3.115917e+01 3.888635e+01
1.285385e+01 0.000000e+00 3.115917e+01 -1.830533e+01
6.223998e+01 0.000000e+00 3.298388e+01 2.925610e+01
3.985553e+01 0.000000e+00 3.249544e+01 7.360091e+00
3.754588e+01 0.000000e+00 3.298388e+01 4.561999e+00
1.512156e+01 0.000000e+00 3.298388e+01 -1.786233e+01
1.995874e+01 0.000000e+00 3.115917e+01 -1.120043e+01
7.702556e+01 0.000000e+00 3.249544e+01 4.453012e+01
9.318748e+01 0.000000e+00 3.115917e+01 6.202831e+01
5.438205e+01 0.000000e+00 3.115917e+01 2.322287e+01
4.296216e+01 0.000000e+00 3.115792e+01 1.180425e+01
4.117606e+01 0.000000e+00 3.115792e+01 1.001815e+01
3.423302e+01 0.000000e+00 3.115792e+01 3.075100e+00
6.317462e+01 0.000000e+00 3.298263e+01 3.019199e+01
1.088195e+02 0.000000e+00 3.115792e+01 7.766162e+01
4.656714e+01 0.000000e+00 3.115792e+01 1.540923e+01
3.253551e+01 0.000000e+00 3.115792e+01 1.377592e+00
6.180092e+00 0.000000e+00 3.298263e+01 -2.680254e+01
2.617492e+01 0.000000e+00 3.115792e+01 -4.982998e+00
1.449026e+01 0.000000e+00 3.115792e+01 -1.666766e+01
3.922169e+01 0.000000e+00 3.298263e+01 6.239063e+00
4.274858e+01 0.000000e+00 3.298263e+01 9.765948e+00
3.867109e+01 0.000000e+00 3.298263e+01 5.688459e+00
2.076915e+01 0.000000e+00 3.298263e+01 -1.221348e+01
-6.079546e+01 0.000000e+00 3.298263e+01 -9.377809e+01
2.814590e+01 0.000000e+00 -2.777956e+01 5.592546e+01
-1.256383e+01 0.000000e+00 -2.595485e+01 1.339102e+01
-5.109116e+01 0.000000e+00 -2.777956e+01 -2.331160e+01
3.627815e+00 0.000000e+00 -2.777956e+01 3.140738e+01
-3.510419e+00 0.000000e+00 -2.595485e+01 2.244443e+01
4.218141e+01 0.000000e+00 -2.595485e+01 6.813627e+01
-2.262762e+01 0.000000e+00 -2.826801e+01 5.640384e+00
-2.152130e+01 0.000000e+00 -2.777956e+01 6.258264e+00
-5.632443e+01 0.000000e+00 -2.826801e+01 -2.805643e+01
-2.540036e+01 0.000000e+00 -2.777956e+01 2.379198e+00
-2.126253e+01 0.000000e+00 -2.777956e+01 6.517030e+00
6.060855e+01 0.000000e+00 -2.777956e+01 8.838812e+01
2.340964e+01 0.000000e+00 -2.595485e+01 4.936449e+01
2.528570e+01 0.000000e+00 -2.644330e+01 5.172899e+01
-1.398321e+02 0.000000e+00 -2.595485e+01 -1.138773e+02
-6.411049e+01 0.000000e+00 -2.595485e+01 -3.815564e+01
-1.937169e+01 0.000000e+00 -2.777956e+01 8.407867e+00
-7.671672e+01 0.000000e+00 -2.644330e+01 -5.027342e+01
-9.242379e+01 0.000000e+00 -2.777956e+01 -6.464423e+01
-4.352512e+01 0.000000e+00 -2.777956e+01 -1.574556e+01
1.807943e+01 0.000000e+00 -2.778082e+01 4.586024e+01
-2.093879e+01 0.000000e+00 -2.778082e+01 6.842032e+00
-3.182854e+01 0.000000e+00 -2.778082e+01 -4.047722e+00
-6.138499e+01 0.000000e+00 -2.595611e+01 -3.542888e+01
1.232525e+02 0.000000e+00 -2.778082e+01 1.510333e+02
-4.205395e+01 0.000000e+00 -2.778082e+01 -1.427313e+01
-4.885816e+01 0.000000e+00 -2.778082e+01 -2.107734e+01
-2.229664e+01 0.000000e+00 -2.595611e+01 3.659471e+00
-2.602670e+01 0.000000e+00 -2.778082e+01 1.754118e+00
-1.844095e+01 0.000000e+00 -2.778082e+01 9.339871e+00
6.599561e+01 0.000000e+00 -2.595611e+01 9.195171e+01
-4.835658e+01 0.000000e+00 -2.595611e+01 -2.240047e+01
-7.751343e+01 0.000000e+00 -2.595611e+01 -5.155732e+01
-1.221052e+02 0.000000e+00 -2.595611e+01 -9.614909e+01
-2.327814e+01 0.000000e+00 -2.595611e+01 2.677967e+00
-2.814590e+01 0.000000e+00 2.698360e+01 -5.512949e+01
1.256383e+01 0.000000e+00 2.880831e+01 -1.624448e+01
5.109116e+01 0.000000e+00 2.698360e+01 2.410756e+01
-3.627815e+00 0.000000e+00 2.698360e+01 -3.061141e+01
3.510419e+00 0.000000e+00 2.880831e+01 -2.529789e+01
-4.218141e+01 0.000000e+00 2.880831e+01 -7.098972e+01
2.262762e+01 0.000000e+00 2.649515e+01 -3.867528e+00
2.152130e+01 0.000000e+00 2.698360e+01 -5.462300e+00
5.632443e+01 0.000000e+00 2.649515e+01 2.982928e+01
2.540036e+01 0.000000e+00 2.698360e+01 -1.583234e+00
2.126253e+01 0.000000e+00 2.698360e+01 -5.721066e+00
-6.060855e+01 0.000000e+00 2.698360e+01 -8.759215e+01
-2.340964e+01 0.000000e+00 2.880831e+01 -5.221795e+01
-2.528570e+01 0.000000e+00 2.831986e+01 -5.360556e+01
1.398321e+02 0.000000e+00 2.880831e+01 1.110238e+02
6.411049e+01 0.000000e+00 2.880831e+01 3.530218e+01
1.937169e+01 0.000000e+00 2.698360e+01 -7.611903e+00
7.671672e+01 0.000000e+00 2.831986e+01 4.839686e+01
9.242379e+01 0.000000e+00 2.698360e+01 6.544020e+01
4.352512e+01 0.000000e+00 2.698360e+01 1.654152e+01
-1.807943e+01 0.000000e+00 2.698234e+01 -4.506177e+01
2.093879e+01 0.000000e+00 2.698234e+01 -6.043555e+00
3.182854e+01 0.000000e+00 2.698234e+01 4.846199e+00
6.138499e+01 0.000000e+00 2.880705e+01 3.257794e+01
-1.232525e+02 0.000000e+00 2.698234e+01 -1.502348e+02
4.205395e+01 0.000000e+00 2.698234e+01 1.507161e+01
4.885816e+01 0.000000e+00 2.698234e+01 2.187581e+01
2.229664e+01 0.000000e+00 2.880705e+01 -6.510415e+00
2.602670e+01 0.000000e+00 2.698234e+01 -9.556409e-01
1.844095e+01 0.000000e+00 2.698234e+01 -8.541394e+00
-6.599561e+01 0.000000e+00 2.880705e+01 -9.480266e+01
4.835658e+01 0.000000e+00 2.880705e+01 1.954952e+01
7.751343e+01 0.000000e+00 2.880705e+01 4.870638e+01
1.221052e+02 0.000000e+00 2.880705e+01 9.329814e+01
2.327814e+01 0.000000e+00 2.880705e+01 -5.528911e+00
-1.005903e+01 0.000000e+00 6.526201e-01 -1.071165e+01
-7.118458e-01 0.000000e+00 2.477331e+00 -3.189176e+00
1.797640e+00 0.000000e+00 6.526201e-01 1.145020e+00
7.137303e-01 0.000000e+00 6.526201e-01 6.111019e-02
-1.369390e+00 0.000000e+00 2.477331e+00 -3.846720e+00
-5.498927e+00 0.000000e+00 2.477331e+00 -7.976258e+00
9.230713e+00 0.000000e+00 1.641739e-01 9.066539e+00
2.175343e-01 0.000000e+00 6.526201e-01 -4.350858e-01
3.482901e+00 0.000000e+00 1.641739e-01 3.318727e+00
-1.623836e+00 0.000000e+00 6.526201e-01 -2.276456e+00
1.703622e+00 0.000000e+00 6.526201e-01 1.051002e+00
-1.078871e+01 0.000000e+00 6.526201e-01 -1.144133e+01
-6.086784e+00 0.000000e+00 2.477331e+00 -8.564115e+00
-6.767854e+00 0.000000e+00 1.988884e+00 -8.756738e+00
1.497642e+01 0.000000e+00 2.477331e+00 1.249909e+01
7.810966e+00 0.000000e+00 2.477331e+00 5.333636e+00
1.794943e+00 0.000000e+00 6.526201e-01 1.142323e+00
4.960148e+00 0.000000e+00 1.988884e+00 2.971263e+00
-6.612295e-01 0.000000e+00 6.526201e-01 -1.313850e+00
4.643855e+00 0.000000e+00 6.526201e-01 3.991235e+00
-6.350591e+00 0.000000e+00 6.513635e-01 -7.001954e+00
-1.257430e+00 0.000000e+00 6.513635e-01 -1.908793e+00
4.227577e+00 0.000000e+00 6.513635e-01 3.576213e+00
1.084122e+01 0.000000e+00 2.476074e+00 8.365147e+00
-1.354777e+01 0.000000e+00 6.513635e-01 -1.419914e+01
8.789333e+00 0.000000e+00 6.513635e-01 8.137970e+00
-2.604937e+00 0.000000e+00 6.513635e-01 -3.256301e+00
1.784177e-01 0.000000e+00 2.476074e+00 -2.297656e+00
-2.863715e+00 0.000000e+00 6.513635e-01 -3.515078e+00
7.709878e+00 0.000000e+00 6.513635e-01 7.058514e+00
-1.169779e+01 0.000000e+00 2.476074e+00 -1.417386e+01
9.227698e+00 0.000000e+00 2.476074e+00 6.751624e+00
1.914076e+01 0.000000e+00 2.476074e+00 1.666469e+01
1.024547e+01 0.000000e+00 2.476074e+00 7.769398e+00
9.945021e+00 0.000000e+00 2.476074e+00 7.468947e+00
