-1.986041e+01 0.000000e+00 1.900254e+00 -2.176067e+01
7.871806e+01 0.000000e+00 2.019060e+00 7.669900e+01
1.201388e+00 0.000000e+00 1.900254e+00 -6.988657e-01
-1.421501e+02 0.000000e+00 1.900254e+00 -1.440503e+02
1.594285e+02 0.000000e+00 2.019060e+00 1.574095e+02
-5.385727e+00 0.000000e+00 2.019060e+00 -7.404787e+00
7.429991e+01 0.000000e+00 -4.209981e-01 7.472091e+01
2.358187e+00 0.000000e+00 1.900254e+00 4.579334e-01
6.210230e+01 0.000000e+00 -4.209981e-01 6.252330e+01
9.344095e-01 0.000000e+00 1.900254e+00 -9.658443e-01
-2.188472e+01 0.000000e+00 1.900254e+00 -2.378497e+01
-2.550199e+01 0.000000e+00 2.019060e+00 -2.752105e+01
3.090052e+01 0.000000e+00 2.019060e+00 2.888146e+01
1.095537e+02 0.000000e+00 -3.021917e-01 1.098559e+02
5.363869e+01 0.000000e+00 2.019060e+00 5.161963e+01
-4.266921e+01 0.000000e+00 2.019060e+00 -4.468827e+01
2.896099e+00 0.000000e+00 1.900254e+00 9.958451e-01
2.837586e-01 0.000000e+00 -3.021917e-01 5.859503e-01
2.036479e+00 0.000000e+00 1.900254e+00 1.362256e-01
9.888943e+00 0.000000e+00 -4.472234e+00 1.436118e+01
1.270130e+01 0.000000e+00 1.900254e+00 1.080105e+01
3.523462e+01 0.000000e+00 -4.472234e+00 3.970686e+01
-2.692957e+01 0.000000e+00 -4.472234e+00 -2.245734e+01
-2.803604e+01 0.000000e+00 -4.353428e+00 -2.368262e+01
-8.737085e+00 0.000000e+00 -4.472234e+00 -4.264851e+00
-1.561634e+01 0.000000e+00 -4.472234e+00 -1.114411e+01
-4.732933e+00 0.000000e+00 -4.472234e+00 -2.606984e-01
1.514300e+01 0.000000e+00 -4.353428e+00 1.949643e+01
-9.586903e+00 0.000000e+00 -4.472234e+00 -5.114669e+00
-3.583638e+01 0.000000e+00 -4.472234e+00 -3.136414e+01
-1.177021e+01 0.000000e+00 -4.353428e+00 -7.416782e+00
-2.765727e+01 0.000000e+00 -4.353428e+00 -2.330385e+01
-3.140125e+00 0.000000e+00 -4.353428e+00 1.213303e+00
2.413884e+01 0.000000e+00 -4.353428e+00 2.849226e+01
-1.945841e+00 0.000000e+00 -4.353428e+00 2.407587e+00
-5.428405e+00 0.000000e+00 -3.960803e+00 -1.467602e+00
-2.327740e+01 0.000000e+00 -3.841997e+00 -1.943540e+01
1.730635e+00 0.000000e+00 -3.960803e+00 5.691439e+00
-7.174314e+00 0.000000e+00 -3.960803e+00 -3.213510e+00
1.488215e+01 0.000000e+00 -3.841997e+00 1.872415e+01
4.538740e+00 0.000000e+00 -3.841997e+00 8.380737e+00
1.015055e+00 0.000000e+00 -6.282055e+00 7.297110e+00
-3.548644e+01 0.000000e+00 -3.960803e+00 -3.152563e+01
-2.163879e+01 0.000000e+00 -6.282055e+00 -1.535673e+01
-1.859915e+01 0.000000e+00 -3.960803e+00 -1.463834e+01
2.903426e+00 0.000000e+00 -3.960803e+00 6.864230e+00
6.300892e+00 0.000000e+00 -3.841997e+00 1.014289e+01
5.345598e+01 0.000000e+00 -3.841997e+00 5.729797e+01
-3.700684e+01 0.000000e+00 -6.163249e+00 -3.084360e+01
3.866040e+01 0.000000e+00 -3.841997e+00 4.250240e+01
-2.314200e+00 0.000000e+00 -3.841997e+00 1.527797e+00
-1.040194e+01 0.000000e+00 -3.960803e+00 -6.441135e+00
-1.400550e+01 0.000000e+00 -6.163249e+00 -7.842254e+00
-2.031822e+01 0.000000e+00 -3.960803e+00 -1.635741e+01
5.823807e+01 0.000000e+00 2.411684e+00 5.582638e+01
-2.528472e+00 0.000000e+00 -3.960803e+00 1.432332e+00
7.028001e+01 0.000000e+00 2.411684e+00 6.786832e+01
3.582335e+00 0.000000e+00 2.411684e+00 1.170651e+00
2.207837e+00 0.000000e+00 2.530491e+00 -3.226542e-01
-1.817050e+01 0.000000e+00 2.411684e+00 -2.058218e+01
4.975188e+01 0.000000e+00 2.411684e+00 4.734019e+01
3.229434e+01 0.000000e+00 2.411684e+00 2.988266e+01
-4.046975e+01 0.000000e+00 2.530491e+00 -4.300024e+01
2.204176e+00 0.000000e+00 2.411684e+00 -2.075084e-01
2.000141e+02 0.000000e+00 2.411684e+00 1.976024e+02
-2.845509e+01 0.000000e+00 2.530491e+00 -3.098559e+01
6.622420e+01 0.000000e+00 2.530491e+00 6.369371e+01
1.610037e+01 0.000000e+00 2.530491e+00 1.356988e+01
3.039775e+01 0.000000e+00 2.530491e+00 2.786726e+01
-2.478938e+01 0.000000e+00 2.530491e+00 -2.731987e+01
6.728609e+00 0.000000e+00 8.013473e-01 5.927261e+00
1.330553e+01 0.000000e+00 9.201537e-01 1.238538e+01
1.906962e+01 0.000000e+00 8.013473e-01 1.826827e+01
-2.575580e+01 0.000000e+00 8.013473e-01 -2.655715e+01
1.302610e+01 0.000000e+00 9.201537e-01 1.210595e+01
1.317489e+00 0.000000e+00 9.201537e-01 3.973353e-01
8.797028e+00 0.000000e+00 -1.519905e+00 1.031693e+01
-1.202898e+01 0.000000e+00 8.013473e-01 -1.283032e+01
-3.267195e+00 0.000000e+00 -1.519905e+00 -1.747291e+00
2.685858e-01 0.000000e+00 8.013473e-01 -5.327615e-01
1.497343e+01 0.000000e+00 8.013473e-01 1.417208e+01
-1.673708e+01 0.000000e+00 8.013473e-01 -1.753842e+01
-1.231282e+01 0.000000e+00 9.201537e-01 -1.323298e+01
2.637182e+01 0.000000e+00 -1.401098e+00 2.777292e+01
-3.005668e+00 0.000000e+00 9.201537e-01 -3.925822e+00
-2.085078e+00 0.000000e+00 9.201537e-01 -3.005231e+00
1.840037e+01 0.000000e+00 8.013473e-01 1.759902e+01
3.585567e+00 0.000000e+00 -1.401098e+00 4.986665e+00
2.799730e+01 0.000000e+00 8.013473e-01 2.719595e+01
-9.166370e+00 0.000000e+00 8.013473e-01 -9.967718e+00
1.901971e+01 0.000000e+00 1.312778e+00 1.770693e+01
-6.089421e-01 0.000000e+00 1.312778e+00 -1.921720e+00
6.374339e-01 0.000000e+00 1.312778e+00 -6.753441e-01
1.350427e+01 0.000000e+00 1.431584e+00 1.207269e+01
9.897853e+00 0.000000e+00 1.312778e+00 8.585075e+00
3.403657e+01 0.000000e+00 1.312778e+00 3.272379e+01
-4.539120e+00 0.000000e+00 1.312778e+00 -5.851898e+00
-2.776103e+01 0.000000e+00 1.431584e+00 -2.919261e+01
-3.201187e+00 0.000000e+00 1.312778e+00 -4.513965e+00
1.243391e+01 0.000000e+00 1.312778e+00 1.112113e+01
-8.568151e+00 0.000000e+00 1.431584e+00 -9.999735e+00
-3.631776e+01 0.000000e+00 1.431584e+00 -3.774934e+01
3.127559e-01 0.000000e+00 1.431584e+00 -1.118828e+00
1.533648e+01 0.000000e+00 1.431584e+00 1.390490e+01
-6.686808e+01 0.000000e+00 1.431584e+00 -6.829966e+01
-2.658902e+01 0.000000e+00 2.489563e+00 -2.907858e+01
6.541253e+01 0.000000e+00 2.608370e+00 6.280416e+01
-1.786823e+01 0.000000e+00 2.489563e+00 -2.035779e+01
-1.163943e+02 0.000000e+00 2.489563e+00 -1.188838e+02
1.464024e+02 0.000000e+00 2.608370e+00 1.437941e+02
-6.703216e+00 0.000000e+00 2.608370e+00 -9.311585e+00
6.550288e+01 0.000000e+00 1.683115e-01 6.533457e+01
1.438716e+01 0.000000e+00 2.489563e+00 1.189760e+01
6.536950e+01 0.000000e+00 1.683115e-01 6.520119e+01
6.658237e-01 0.000000e+00 2.489563e+00 -1.823740e+00
-3.685815e+01 0.000000e+00 2.489563e+00 -3.934771e+01
-8.764916e+00 0.000000e+00 2.489563e+00 -1.125448e+01
4.321334e+01 0.000000e+00 2.608370e+00 4.060497e+01
8.318189e+01 0.000000e+00 2.871179e-01 8.289477e+01
5.664435e+01 0.000000e+00 2.608370e+00 5.403598e+01
-4.058413e+01 0.000000e+00 2.608370e+00 -4.319250e+01
-1.550427e+01 0.000000e+00 2.489563e+00 -1.799384e+01
-3.301808e+00 0.000000e+00 2.871179e-01 -3.588926e+00
-2.596082e+01 0.000000e+00 2.489563e+00 -2.845038e+01
2.186767e+01 0.000000e+00 2.489563e+00 1.937811e+01
3.921836e+01 0.000000e+00 3.000994e+00 3.621736e+01
7.088895e+01 0.000000e+00 3.000994e+00 6.788795e+01
2.944901e+00 0.000000e+00 3.000994e+00 -5.609257e-02
-1.129644e+01 0.000000e+00 3.119800e+00 -1.441624e+01
-2.806835e+01 0.000000e+00 3.000994e+00 -3.106935e+01
1.571531e+01 0.000000e+00 3.000994e+00 1.271432e+01
3.683346e+01 0.000000e+00 3.000994e+00 3.383247e+01
-1.270873e+01 0.000000e+00 3.119800e+00 -1.582853e+01
5.405363e+00 0.000000e+00 3.000994e+00 2.404369e+00
1.875802e+02 0.000000e+00 3.000994e+00 1.845792e+02
-1.988694e+01 0.000000e+00 3.119800e+00 -2.300674e+01
1.025420e+02 0.000000e+00 3.119800e+00 9.942216e+01
1.578761e+01 0.000000e+00 3.119800e+00 1.266781e+01
1.506127e+01 0.000000e+00 3.119800e+00 1.194147e+01
4.207870e+01 0.000000e+00 3.119800e+00 3.895889e+01
2.658902e+01 0.000000e+00 -2.408377e+00 2.899740e+01
-6.541253e+01 0.000000e+00 -2.289571e+00 -6.312296e+01
1.786823e+01 0.000000e+00 -2.408377e+00 2.027661e+01
1.163943e+02 0.000000e+00 -2.408377e+00 1.188026e+02
-1.464024e+02 0.000000e+00 -2.289571e+00 -1.441129e+02
6.703216e+00 0.000000e+00 -2.289571e+00 8.992786e+00
-6.550288e+01 0.000000e+00 -4.729629e+00 -6.077325e+01
-1.438716e+01 0.000000e+00 -2.408377e+00 -1.197879e+01
-6.536950e+01 0.000000e+00 -4.729629e+00 -6.063987e+01
-6.658237e-01 0.000000e+00 -2.408377e+00 1.742553e+00
3.685815e+01 0.000000e+00 -2.408377e+00 3.926653e+01
8.764916e+00 0.000000e+00 -2.408377e+00 1.117329e+01
-4.321334e+01 0.000000e+00 -2.289571e+00 -4.092377e+01
-8.318189e+01 0.000000e+00 -4.610822e+00 -7.857107e+01
-5.664435e+01 0.000000e+00 -2.289571e+00 -5.435478e+01
4.058413e+01 0.000000e+00 -2.289571e+00 4.287370e+01
1.550427e+01 0.000000e+00 -2.408377e+00 1.791265e+01
3.301808e+00 0.000000e+00 -4.610822e+00 7.912631e+00
2.596082e+01 0.000000e+00 -2.408377e+00 2.836920e+01
-2.186767e+01 0.000000e+00 -2.408377e+00 -1.945929e+01
-3.921836e+01 0.000000e+00 -1.896946e+00 -3.732141e+01
-7.088895e+01 0.000000e+00 -1.896946e+00 -6.899200e+01
-2.944901e+00 0.000000e+00 -1.896946e+00 -1.047955e+00
1.129644e+01 0.000000e+00 -1.778140e+00 1.307458e+01
2.806835e+01 0.000000e+00 -1.896946e+00 2.996530e+01
-1.571531e+01 0.000000e+00 -1.896946e+00 -1.381837e+01
-3.683346e+01 0.000000e+00 -1.896946e+00 -3.493652e+01
1.270873e+01 0.000000e+00 -1.778140e+00 1.448687e+01
-5.405363e+00 0.000000e+00 -1.896946e+00 -3.508416e+00
-1.875802e+02 0.000000e+00 -1.896946e+00 -1.856832e+02
1.988694e+01 0.000000e+00 -1.778140e+00 2.166508e+01
-1.025420e+02 0.000000e+00 -1.778140e+00 -1.007638e+02
-1.578761e+01 0.000000e+00 -1.778140e+00 -1.400947e+01
-1.506127e+01 0.000000e+00 -1.778140e+00 -1.328313e+01
-4.207870e+01 0.000000e+00 -1.778140e+00 -4.030056e+01
1.958198e+01 1.152983e+01 1.151285e+01 1.959897e+01
6.071854e+00 1.152983e+01 1.163165e+01 5.970029e+00
1.085225e+01 1.152983e+01 1.151285e+01 1.086923e+01
1.790296e+01 1.152983e+01 1.151285e+01 1.791994e+01
-1.197145e+01 1.152983e+01 1.163165e+01 -1.207327e+01
1.225581e+01 1.152983e+01 1.163165e+01 1.215399e+01
2.680743e+00 1.152983e+01 9.191595e+00 5.018976e+00
1.689286e+01 1.152983e+01 1.151285e+01 1.690985e+01
-9.537404e-01 1.152983e+01 9.191595e+00 1.384493e+00
1.244957e+01 1.152983e+01 1.151285e+01 1.246655e+01
3.009157e+01 1.152983e+01 1.151285e+01 3.010856e+01
1.532601e+01 1.152983e+01 1.151285e+01 1.534300e+01
4.636117e+00 1.152983e+01 1.163165e+01 4.534292e+00
2.416260e+00 1.152983e+01 9.310401e+00 4.635687e+00
4.265564e+00 1.152983e+01 1.163165e+01 4.163739e+00
1.690459e+01 1.152983e+01 1.163165e+01 1.680276e+01
1.883524e+01 1.152983e+01 1.151285e+01 1.885222e+01
7.205738e+00 1.152983e+01 9.310401e+00 9.425165e+00
1.869807e+01 1.152983e+01 1.151285e+01 1.871505e+01
8.193533e+00 1.152983e+01 1.151285e+01 8.210514e+00
1.080953e+00 1.152983e+01 1.202428e+01 5.865041e-01
-3.505391e+00 1.152983e+01 1.202428e+01 -3.999840e+00
1.701712e+01 1.152983e+01 1.202428e+01 1.652267e+01
2.000369e+01 1.152983e+01 1.214308e+01 1.939044e+01
2.089188e+01 1.152983e+01 1.202428e+01 2.039743e+01
1.092206e+01 1.152983e+01 1.202428e+01 1.042761e+01
3.412390e+00 1.152983e+01 1.202428e+01 2.917940e+00
1.428821e+01 1.152983e+01 1.214308e+01 1.367495e+01
1.463272e+01 1.152983e+01 1.202428e+01 1.413828e+01
1.401870e-02 1.152983e+01 1.202428e+01 -4.804306e-01
1.039814e+01 1.152983e+01 1.214308e+01 9.784886e+00
6.123458e+00 1.152983e+01 1.214308e+01 5.510203e+00
1.098816e+01 1.152983e+01 1.214308e+01 1.037491e+01
1.077902e+01 1.152983e+01 1.214308e+01 1.016576e+01
7.798873e+00 1.152983e+01 1.214308e+01 7.185617e+00
