3.430981e+01 0.000000e+00 4.926818e-01 3.381713e+01
1.215822e+02 0.000000e+00 2.835203e+00 1.187470e+02
1.149165e+00 0.000000e+00 4.926818e-01 6.564829e-01
-6.218013e+01 0.000000e+00 4.926818e-01 -6.267281e+01
-3.847410e+01 0.000000e+00 2.835203e+00 -4.130931e+01
7.107820e+01 0.000000e+00 2.835203e+00 6.824299e+01
-3.114868e+01 0.000000e+00 -1.630559e-01 -3.098562e+01
1.467464e+00 0.000000e+00 4.926818e-01 9.747826e-01
-1.190300e+02 0.000000e+00 -1.630559e-01 -1.188669e+02
2.178279e-01 0.000000e+00 4.926818e-01 -2.748539e-01
1.991156e+01 0.000000e+00 4.926818e-01 1.941887e+01
-9.420664e+00 0.000000e+00 2.835203e+00 -1.225587e+01
1.039367e+02 0.000000e+00 2.835203e+00 1.011015e+02
7.011014e+00 0.000000e+00 2.179465e+00 4.831549e+00
-1.948733e+02 0.000000e+00 2.835203e+00 -1.977085e+02
-2.926032e+01 0.000000e+00 2.835203e+00 -3.209552e+01
1.075057e+00 0.000000e+00 4.926818e-01 5.823752e-01
3.700858e-01 0.000000e+00 2.179465e+00 -1.809379e+00
2.417629e-01 0.000000e+00 4.926818e-01 -2.509189e-01
1.884420e+01 0.000000e+00 3.078398e+01 -1.193977e+01
-3.909155e+01 0.000000e+00 4.926818e-01 -3.958423e+01
1.093054e+02 0.000000e+00 3.078398e+01 7.852146e+01
4.961375e+01 0.000000e+00 3.078398e+01 1.882977e+01
5.492883e+01 0.000000e+00 3.312650e+01 2.180233e+01
3.173897e+01 0.000000e+00 3.078398e+01 9.549951e-01
1.974768e+01 0.000000e+00 3.078398e+01 -1.103630e+01
3.745436e+01 0.000000e+00 3.078398e+01 6.670386e+00
7.505308e+01 0.000000e+00 3.312650e+01 4.192658e+01
7.100258e+01 0.000000e+00 3.078398e+01 4.021860e+01
3.852078e+01 0.000000e+00 3.078398e+01 7.736803e+00
2.928695e+01 0.000000e+00 3.312650e+01 -3.839554e+00
1.847117e+01 0.000000e+00 3.312650e+01 -1.465533e+01
6.197325e+01 0.000000e+00 3.312650e+01 2.884675e+01
6.884905e+01 0.000000e+00 3.312650e+01 3.572255e+01
9.629713e+01 0.000000e+00 3.312650e+01 6.317063e+01
4.437942e+01 0.000000e+00 3.050525e+01 1.387417e+01
1.415562e+02 0.000000e+00 3.284777e+01 1.087084e+02
-1.770713e+00 0.000000e+00 3.050525e+01 -3.227596e+01
-2.151450e+01 0.000000e+00 3.050525e+01 -5.201975e+01
2.359100e+01 0.000000e+00 3.284777e+01 -9.256765e+00
8.170112e+00 0.000000e+00 3.284777e+01 -2.467766e+01
5.563448e+01 0.000000e+00 2.984951e+01 2.578497e+01
3.585535e+01 0.000000e+00 3.050525e+01 5.350098e+00
4.476954e+01 0.000000e+00 2.984951e+01 1.492003e+01
-3.822037e+01 0.000000e+00 3.050525e+01 -6.872562e+01
-2.108756e+01 0.000000e+00 3.050525e+01 -5.159280e+01
3.904184e+01 0.000000e+00 3.284777e+01 6.194071e+00
7.913720e+01 0.000000e+00 3.284777e+01 4.628943e+01
4.260730e+01 0.000000e+00 3.219203e+01 1.041527e+01
6.921660e+01 0.000000e+00 3.284777e+01 3.636883e+01
6.803416e+01 0.000000e+00 3.284777e+01 3.518639e+01
2.345940e+01 0.000000e+00 3.050525e+01 -7.045852e+00
3.377719e+01 0.000000e+00 3.219203e+01 1.585157e+00
-1.041788e+01 0.000000e+00 3.050525e+01 -4.092313e+01
-2.128858e+01 0.000000e+00 2.139520e-01 -2.150253e+01
5.565749e+01 0.000000e+00 3.050525e+01 2.515224e+01
2.623748e+01 0.000000e+00 2.139520e-01 2.602353e+01
2.266677e+00 0.000000e+00 2.139520e-01 2.052725e+00
2.789650e+00 0.000000e+00 2.556473e+00 2.331773e-01
3.165218e+02 0.000000e+00 2.139520e-01 3.163079e+02
-4.391670e+01 0.000000e+00 2.139520e-01 -4.413065e+01
-1.246446e+02 0.000000e+00 2.139520e-01 -1.248586e+02
-1.061100e+02 0.000000e+00 2.556473e+00 -1.086665e+02
8.885631e-01 0.000000e+00 2.139520e-01 6.746111e-01
-2.251468e+01 0.000000e+00 2.139520e-01 -2.272864e+01
1.030190e+02 0.000000e+00 2.556473e+00 1.004625e+02
-4.087291e+01 0.000000e+00 2.556473e+00 -4.342938e+01
-1.206340e+02 0.000000e+00 2.556473e+00 -1.231905e+02
-1.422800e+02 0.000000e+00 2.556473e+00 -1.448365e+02
-1.283501e+02 0.000000e+00 2.556473e+00 -1.309066e+02
3.321273e+01 0.000000e+00 4.256214e+01 -9.349414e+00
1.957381e+02 0.000000e+00 4.490466e+01 1.508335e+02
9.325404e+01 0.000000e+00 4.256214e+01 5.069189e+01
-6.179804e+00 0.000000e+00 4.256214e+01 -4.874195e+01
2.740349e+01 0.000000e+00 4.490466e+01 -1.750117e+01
8.274375e+01 0.000000e+00 4.490466e+01 3.783909e+01
6.395850e+01 0.000000e+00 4.190640e+01 2.205210e+01
4.401114e+01 0.000000e+00 4.256214e+01 1.448999e+00
6.370568e+01 0.000000e+00 4.190640e+01 2.179927e+01
7.061360e+01 0.000000e+00 4.256214e+01 2.805146e+01
2.784347e+01 0.000000e+00 4.256214e+01 -1.471867e+01
-2.281072e-01 0.000000e+00 4.256214e+01 -4.279025e+01
8.405349e+01 0.000000e+00 4.490466e+01 3.914883e+01
2.991483e+01 0.000000e+00 4.424892e+01 -1.433410e+01
3.401792e+01 0.000000e+00 4.490466e+01 -1.088675e+01
1.886693e+01 0.000000e+00 4.490466e+01 -2.603773e+01
7.830159e+01 0.000000e+00 4.256214e+01 3.573945e+01
1.200789e+02 0.000000e+00 4.424892e+01 7.583002e+01
1.074707e+02 0.000000e+00 4.256214e+01 6.490854e+01
6.777963e+01 0.000000e+00 4.256214e+01 2.521749e+01
2.495010e+01 0.000000e+00 4.228341e+01 -1.733331e+01
7.134981e+01 0.000000e+00 4.228341e+01 2.906639e+01
4.987835e+01 0.000000e+00 4.228341e+01 7.594935e+00
1.137132e+02 0.000000e+00 4.462593e+01 6.908722e+01
1.363309e+02 0.000000e+00 4.228341e+01 9.404752e+01
5.164507e+01 0.000000e+00 4.228341e+01 9.361656e+00
5.510888e-01 0.000000e+00 4.228341e+01 -4.173232e+01
4.668453e+00 0.000000e+00 4.462593e+01 -3.995748e+01
5.686467e+01 0.000000e+00 4.228341e+01 1.458126e+01
3.763386e+00 0.000000e+00 4.228341e+01 -3.852003e+01
4.083775e+01 0.000000e+00 4.462593e+01 -3.788180e+00
4.467130e+01 0.000000e+00 4.462593e+01 4.536302e-02
4.319564e+01 0.000000e+00 4.462593e+01 -1.430290e+00
-1.407296e+01 0.000000e+00 4.462593e+01 -5.869889e+01
-2.920508e+01 0.000000e+00 4.462593e+01 -7.383102e+01
1.097085e+00 0.000000e+00 -6.425152e+01 6.534861e+01
-7.415596e+01 0.000000e+00 -6.190900e+01 -1.224696e+01
-9.210487e+01 0.000000e+00 -6.425152e+01 -2.785335e+01
-5.600032e+01 0.000000e+00 -6.425152e+01 8.251203e+00
-6.587760e+01 0.000000e+00 -6.190900e+01 -3.968595e+00
-1.166556e+01 0.000000e+00 -6.190900e+01 5.024345e+01
-9.510718e+01 0.000000e+00 -6.490726e+01 -3.019991e+01
-4.254368e+01 0.000000e+00 -6.425152e+01 2.170785e+01
-1.827356e+02 0.000000e+00 -6.490726e+01 -1.178284e+02
-7.039577e+01 0.000000e+00 -6.425152e+01 -6.144246e+00
-7.931919e+00 0.000000e+00 -6.425152e+01 5.631961e+01
-9.192557e+00 0.000000e+00 -6.425152e+01 5.505897e+01
1.988325e+01 0.000000e+00 -6.190900e+01 8.179226e+01
-2.290381e+01 0.000000e+00 -6.256474e+01 3.966093e+01
-2.288912e+02 0.000000e+00 -6.190900e+01 -1.669822e+02
-4.812724e+01 0.000000e+00 -6.190900e+01 1.378176e+01
-7.722654e+01 0.000000e+00 -6.425152e+01 -1.297501e+01
-1.197089e+02 0.000000e+00 -6.256474e+01 -5.714411e+01
-1.072289e+02 0.000000e+00 -6.425152e+01 -4.297739e+01
-1.068712e+02 0.000000e+00 -6.425152e+01 -4.261966e+01
-4.623868e+01 0.000000e+00 -6.453025e+01 1.829157e+01
-4.511232e+01 0.000000e+00 -6.453025e+01 1.941793e+01
-4.761167e+01 0.000000e+00 -6.453025e+01 1.691859e+01
-1.109235e+02 0.000000e+00 -6.218773e+01 -4.873577e+01
1.801909e+02 0.000000e+00 -6.453025e+01 2.447211e+02
-9.556177e+01 0.000000e+00 -6.453025e+01 -3.103151e+01
-1.251957e+02 0.000000e+00 -6.453025e+01 -6.066548e+01
-1.107784e+02 0.000000e+00 -6.218773e+01 -4.859070e+01
-5.597611e+01 0.000000e+00 -6.453025e+01 8.554146e+00
-2.627807e+01 0.000000e+00 -6.453025e+01 3.825218e+01
6.218126e+01 0.000000e+00 -6.218773e+01 1.243690e+02
-8.554420e+01 0.000000e+00 -6.218773e+01 -2.335647e+01
-1.638296e+02 0.000000e+00 -6.218773e+01 -1.016419e+02
-1.282070e+02 0.000000e+00 -6.218773e+01 -6.601931e+01
-9.914505e+01 0.000000e+00 -6.218773e+01 -3.695732e+01
-1.097085e+00 6.433549e+01 6.353255e+01 -2.941473e-01
7.415596e+01 6.433549e+01 6.587507e+01 7.261638e+01
9.210487e+01 6.433549e+01 6.353255e+01 9.290781e+01
5.600032e+01 6.433549e+01 6.353255e+01 5.680326e+01
6.587760e+01 6.433549e+01 6.587507e+01 6.433801e+01
1.166556e+01 6.433549e+01 6.587507e+01 1.012597e+01
9.510718e+01 6.433549e+01 6.287681e+01 9.656585e+01
4.254368e+01 6.433549e+01 6.353255e+01 4.334661e+01
1.827356e+02 6.433549e+01 6.287681e+01 1.841943e+02
7.039577e+01 6.433549e+01 6.353255e+01 7.119871e+01
7.931919e+00 6.433549e+01 6.353255e+01 8.734856e+00
9.192557e+00 6.433549e+01 6.353255e+01 9.995494e+00
-1.988325e+01 6.433549e+01 6.587507e+01 -2.142284e+01
2.290381e+01 6.433549e+01 6.521933e+01 2.201997e+01
2.288912e+02 6.433549e+01 6.587507e+01 2.273516e+02
4.812724e+01 6.433549e+01 6.587507e+01 4.658766e+01
7.722654e+01 6.433549e+01 6.353255e+01 7.802947e+01
1.197089e+02 6.433549e+01 6.521933e+01 1.188250e+02
1.072289e+02 6.433549e+01 6.353255e+01 1.080319e+02
1.068712e+02 6.433549e+01 6.353255e+01 1.076741e+02
4.623868e+01 6.433549e+01 6.325382e+01 4.732035e+01
4.511232e+01 6.433549e+01 6.325382e+01 4.619399e+01
4.761167e+01 6.433549e+01 6.325382e+01 4.869334e+01
1.109235e+02 6.433549e+01 6.559634e+01 1.096626e+02
-1.801909e+02 6.433549e+01 6.325382e+01 -1.791092e+02
9.556177e+01 6.433549e+01 6.325382e+01 9.664343e+01
1.251957e+02 6.433549e+01 6.325382e+01 1.262774e+02
1.107784e+02 6.433549e+01 6.559634e+01 1.095176e+02
5.597611e+01 6.433549e+01 6.325382e+01 5.705778e+01
2.627807e+01 6.433549e+01 6.325382e+01 2.735974e+01
-6.218126e+01 6.433549e+01 6.559634e+01 -6.344211e+01
8.554420e+01 6.433549e+01 6.559634e+01 8.428335e+01
1.638296e+02 6.433549e+01 6.559634e+01 1.625688e+02
1.282070e+02 6.433549e+01 6.559634e+01 1.269462e+02
9.914505e+01 6.433549e+01 6.559634e+01 9.788420e+01
-9.250559e+00 0.000000e+00 2.016145e+00 -1.126670e+01
7.260950e+00 0.000000e+00 4.358666e+00 2.902285e+00
3.367624e+00 0.000000e+00 2.016145e+00 1.351479e+00
4.885345e+00 0.000000e+00 2.016145e+00 2.869200e+00
7.554668e-01 0.000000e+00 4.358666e+00 -3.603199e+00
-4.086153e-01 0.000000e+00 4.358666e+00 -4.767281e+00
1.218869e+01 0.000000e+00 1.360407e+00 1.082828e+01
2.905286e+00 0.000000e+00 2.016145e+00 8.891419e-01
1.137154e+01 0.000000e+00 1.360407e+00 1.001113e+01
-3.420623e+00 0.000000e+00 2.016145e+00 -5.436768e+00
-3.819272e+00 0.000000e+00 2.016145e+00 -5.835416e+00
-5.053847e+00 0.000000e+00 2.016145e+00 -7.069992e+00
-7.271481e+00 0.000000e+00 4.358666e+00 -1.163015e+01
-3.199945e+00 0.000000e+00 3.702928e+00 -6.902873e+00
2.180515e+01 0.000000e+00 4.358666e+00 1.744649e+01
6.267863e+00 0.000000e+00 4.358666e+00 1.909197e+00
-2.624292e+00 0.000000e+00 2.016145e+00 -4.640436e+00
4.848915e+00 0.000000e+00 3.702928e+00 1.145987e+00
-7.476421e+00 0.000000e+00 2.016145e+00 -9.492566e+00
9.221950e+00 0.000000e+00 2.016145e+00 7.205806e+00
-3.868337e+00 0.000000e+00 1.737415e+00 -5.605751e+00
2.136464e+00 0.000000e+00 1.737415e+00 3.990488e-01
1.992038e-01 0.000000e+00 1.737415e+00 -1.538211e+00
1.531445e+01 0.000000e+00 4.079936e+00 1.123451e+01
-1.572941e+01 0.000000e+00 1.737415e+00 -1.746683e+01
1.603644e+01 0.000000e+00 1.737415e+00 1.429903e+01
9.262172e+00 0.000000e+00 1.737415e+00 7.524758e+00
1.426514e+01 0.000000e+00 4.079936e+00 1.018521e+01
-2.331201e+00 0.000000e+00 1.737415e+00 -4.068615e+00
7.021443e+00 0.000000e+00 1.737415e+00 5.284028e+00
-1.454307e+01 0.000000e+00 4.079936e+00 -1.862301e+01
4.503862e+00 0.000000e+00 4.079936e+00 4.239259e-01
3.352918e+01 0.000000e+00 4.079936e+00 2.944924e+01
7.817424e+00 0.000000e+00 4.079936e+00 3.737489e+00
1.926800e+01 0.000000e+00 4.079936e+00 1.518806e+01
