3.212983e+02 0.000000e+00 2.287959e-01 3.210695e+02
-7.390745e+00 0.000000e+00 -1.715938e+00 -5.674807e+00
1.735414e+00 0.000000e+00 2.287959e-01 1.506618e+00
-3.675148e+03 0.000000e+00 2.287959e-01 -3.675377e+03
-1.706177e+02 0.000000e+00 -1.715938e+00 -1.689017e+02
-5.702184e+01 0.000000e+00 -1.715938e+00 -5.530590e+01
1.385936e+02 0.000000e+00 2.949610e+00 1.356440e+02
-2.477745e+00 0.000000e+00 2.287959e-01 -2.706541e+00
-7.158554e+01 0.000000e+00 2.949610e+00 -7.453515e+01
1.557781e+00 0.000000e+00 2.287959e-01 1.328985e+00
2.835248e+02 0.000000e+00 2.287959e-01 2.832960e+02
4.037506e+02 0.000000e+00 -1.715938e+00 4.054665e+02
3.618452e+01 0.000000e+00 -1.715938e+00 3.790046e+01
1.075641e+02 0.000000e+00 1.004877e+00 1.065593e+02
-3.882817e+02 0.000000e+00 -1.715938e+00 -3.865657e+02
1.171453e+02 0.000000e+00 -1.715938e+00 1.188613e+02
1.058157e+00 0.000000e+00 2.287959e-01 8.293616e-01
7.295732e-01 0.000000e+00 1.004877e+00 -2.753033e-01
-1.676273e+00 0.000000e+00 2.287959e-01 -1.905069e+00
-8.804806e+01 1.028750e+02 1.019340e+02 -8.710706e+01
5.140380e+02 0.000000e+00 2.287959e-01 5.138092e+02
7.627351e+01 1.028750e+02 1.019340e+02 7.721451e+01
1.256328e+02 1.028750e+02 1.019340e+02 1.265738e+02
-2.173273e+02 1.028750e+02 9.998925e+01 -2.144416e+02
2.124875e+02 1.028750e+02 1.019340e+02 2.134285e+02
1.716879e+02 1.028750e+02 1.019340e+02 1.726289e+02
1.061608e+02 1.028750e+02 1.019340e+02 1.071018e+02
4.360219e+01 1.028750e+02 9.998925e+01 4.648792e+01
4.361948e+02 1.028750e+02 1.019340e+02 4.371358e+02
4.077833e+01 1.028750e+02 1.019340e+02 4.171933e+01
1.329573e+02 1.028750e+02 9.998925e+01 1.358430e+02
-9.014194e+01 1.028750e+02 9.998925e+01 -8.725621e+01
1.565868e+02 1.028750e+02 9.998925e+01 1.594725e+02
1.029143e+02 1.028750e+02 9.998925e+01 1.058000e+02
-6.399451e+01 1.028750e+02 9.998925e+01 -6.110878e+01
3.244639e+02 1.028750e+02 1.051691e+02 3.221698e+02
1.537133e+02 1.028750e+02 1.032244e+02 1.533639e+02
2.071422e+02 1.028750e+02 1.051691e+02 2.048481e+02
-6.061867e+01 1.028750e+02 1.051691e+02 -6.291283e+01
2.618907e+01 1.028750e+02 1.032244e+02 2.583964e+01
1.556606e+01 1.028750e+02 1.032244e+02 1.521664e+01
1.635034e+01 1.028750e+02 1.078900e+02 1.133537e+01
1.593265e+01 1.028750e+02 1.051691e+02 1.363849e+01
1.497971e+02 1.028750e+02 1.078900e+02 1.447821e+02
1.256389e+02 1.028750e+02 1.051691e+02 1.233447e+02
1.158288e+02 1.028750e+02 1.051691e+02 1.135346e+02
1.854468e+02 1.028750e+02 1.032244e+02 1.850974e+02
1.694206e+02 1.028750e+02 1.032244e+02 1.690712e+02
4.515643e+02 1.028750e+02 1.059452e+02 4.484940e+02
-7.429024e+02 1.028750e+02 1.032244e+02 -7.432518e+02
1.106990e+02 1.028750e+02 1.032244e+02 1.103496e+02
5.959948e+00 1.028750e+02 1.051691e+02 3.665790e+00
1.100272e+02 1.028750e+02 1.059452e+02 1.069570e+02
7.856415e+00 1.028750e+02 1.051691e+02 5.562256e+00
3.984606e+02 0.000000e+00 3.463951e+00 3.949966e+02
2.551519e+02 1.028750e+02 1.051691e+02 2.528577e+02
1.205371e+02 0.000000e+00 3.463951e+00 1.170731e+02
-9.967298e-01 0.000000e+00 3.463951e+00 -4.460681e+00
5.830932e-01 0.000000e+00 1.519217e+00 -9.361240e-01
4.564520e+02 0.000000e+00 3.463951e+00 4.529881e+02
2.702121e+01 0.000000e+00 3.463951e+00 2.355726e+01
1.454876e+02 0.000000e+00 3.463951e+00 1.420237e+02
1.737326e+02 0.000000e+00 1.519217e+00 1.722133e+02
1.881093e+01 0.000000e+00 3.463951e+00 1.534698e+01
3.411412e+01 0.000000e+00 3.463951e+00 3.065017e+01
6.064453e+00 0.000000e+00 1.519217e+00 4.545235e+00
-8.264961e+02 0.000000e+00 1.519217e+00 -8.280153e+02
-3.036791e+02 0.000000e+00 1.519217e+00 -3.051983e+02
1.265304e+02 0.000000e+00 1.519217e+00 1.250111e+02
-4.077831e+01 0.000000e+00 1.519217e+00 -4.229753e+01
8.888893e+01 0.000000e+00 8.415751e+01 4.731417e+00
-6.154584e+00 0.000000e+00 8.221278e+01 -8.836736e+01
1.798439e+02 0.000000e+00 8.415751e+01 9.568639e+01
-4.137055e+02 0.000000e+00 8.415751e+01 -4.978630e+02
1.881263e+01 0.000000e+00 8.221278e+01 -6.340015e+01
2.344909e+02 0.000000e+00 8.221278e+01 1.522781e+02
2.372306e+02 0.000000e+00 8.687833e+01 1.503523e+02
-4.066585e+01 0.000000e+00 8.415751e+01 -1.248234e+02
8.336261e+01 0.000000e+00 8.687833e+01 -3.515719e+00
5.860103e+01 0.000000e+00 8.415751e+01 -2.555649e+01
1.407399e+02 0.000000e+00 8.415751e+01 5.658237e+01
3.926746e+02 0.000000e+00 8.415751e+01 3.085171e+02
1.389498e+02 0.000000e+00 8.221278e+01 5.673700e+01
-7.953712e+01 0.000000e+00 8.493359e+01 -1.644707e+02
4.492692e+00 0.000000e+00 8.221278e+01 -7.772009e+01
1.199231e+02 0.000000e+00 8.221278e+01 3.771035e+01
1.055864e+02 0.000000e+00 8.415751e+01 2.142887e+01
7.601223e+01 0.000000e+00 8.493359e+01 -8.921365e+00
-6.812147e+01 0.000000e+00 8.415751e+01 -1.522790e+02
5.666674e+02 0.000000e+00 8.415751e+01 4.825098e+02
1.151446e+02 0.000000e+00 8.739267e+01 2.775191e+01
-6.383754e+00 0.000000e+00 8.739267e+01 -9.377642e+01
2.078831e+01 0.000000e+00 8.739267e+01 -6.660436e+01
6.021817e-01 0.000000e+00 8.544794e+01 -8.484575e+01
2.643223e+02 0.000000e+00 8.739267e+01 1.769296e+02
1.795057e+02 0.000000e+00 8.739267e+01 9.211307e+01
-5.921962e+01 0.000000e+00 8.739267e+01 -1.466123e+02
1.195363e+02 0.000000e+00 8.544794e+01 3.408835e+01
2.790269e+02 0.000000e+00 8.739267e+01 1.916343e+02
9.799025e+01 0.000000e+00 8.739267e+01 1.059758e+01
2.017590e+02 0.000000e+00 8.544794e+01 1.163110e+02
2.670181e+02 0.000000e+00 8.544794e+01 1.815702e+02
-6.699407e+00 0.000000e+00 8.544794e+01 -9.214734e+01
-1.400435e+01 0.000000e+00 8.544794e+01 -9.945228e+01
-5.426733e+01 0.000000e+00 8.544794e+01 -1.397153e+02
2.324094e+02 0.000000e+00 -3.935172e+01 2.717611e+02
-1.236161e+00 0.000000e+00 -4.129645e+01 4.006029e+01
-1.781085e+02 0.000000e+00 -3.935172e+01 -1.387568e+02
-3.261442e+03 0.000000e+00 -3.935172e+01 -3.222091e+03
-1.894303e+02 0.000000e+00 -4.129645e+01 -1.481338e+02
-2.915128e+02 0.000000e+00 -4.129645e+01 -2.502163e+02
-9.863702e+01 0.000000e+00 -3.663090e+01 -6.200612e+01
3.818811e+01 0.000000e+00 -3.935172e+01 7.753982e+01
-1.549482e+02 0.000000e+00 -3.663090e+01 -1.183172e+02
-5.704325e+01 0.000000e+00 -3.935172e+01 -1.769153e+01
1.427849e+02 0.000000e+00 -3.935172e+01 1.821366e+02
1.107602e+01 0.000000e+00 -3.935172e+01 5.042774e+01
-1.027653e+02 0.000000e+00 -4.129645e+01 -6.146882e+01
1.871013e+02 0.000000e+00 -3.857564e+01 2.256769e+02
-3.927744e+02 0.000000e+00 -4.129645e+01 -3.514779e+02
-2.777808e+00 0.000000e+00 -4.129645e+01 3.851864e+01
-1.045282e+02 0.000000e+00 -3.935172e+01 -6.517650e+01
-7.528265e+01 0.000000e+00 -3.857564e+01 -3.670702e+01
6.644519e+01 0.000000e+00 -3.935172e+01 1.057969e+02
-5.262936e+01 0.000000e+00 -3.935172e+01 -1.327765e+01
2.833160e+02 0.000000e+00 -3.611656e+01 3.194326e+02
1.269208e+02 0.000000e+00 -3.611656e+01 1.630374e+02
-2.178504e+01 0.000000e+00 -3.611656e+01 1.433152e+01
-1.908853e-02 0.000000e+00 -3.806130e+01 3.804221e+01
1.921298e+02 0.000000e+00 -3.611656e+01 2.282463e+02
-1.524845e+02 0.000000e+00 -3.611656e+01 -1.163680e+02
2.047073e+02 0.000000e+00 -3.611656e+01 2.408238e+02
5.419627e+01 0.000000e+00 -3.806130e+01 9.225757e+01
-2.602160e+02 0.000000e+00 -3.611656e+01 -2.240995e+02
-6.387613e+01 0.000000e+00 -3.611656e+01 -2.775957e+01
-1.956945e+02 0.000000e+00 -3.806130e+01 -1.576332e+02
-1.093514e+03 0.000000e+00 -3.806130e+01 -1.055453e+03
-2.969797e+02 0.000000e+00 -3.806130e+01 -2.589184e+02
1.405347e+02 0.000000e+00 -3.806130e+01 1.785960e+02
1.348901e+01 0.000000e+00 -3.806130e+01 5.155031e+01
-2.324094e+02 0.000000e+00 3.733627e+01 -2.697456e+02
1.236161e+00 0.000000e+00 3.539154e+01 -3.415538e+01
1.781085e+02 0.000000e+00 3.733627e+01 1.407722e+02
3.261442e+03 0.000000e+00 3.733627e+01 3.224106e+03
1.894303e+02 0.000000e+00 3.539154e+01 1.540388e+02
2.915128e+02 0.000000e+00 3.539154e+01 2.561212e+02
9.863702e+01 0.000000e+00 4.005709e+01 5.857994e+01
-3.818811e+01 0.000000e+00 3.733627e+01 -7.552438e+01
1.549482e+02 0.000000e+00 4.005709e+01 1.148911e+02
5.704325e+01 0.000000e+00 3.733627e+01 1.970698e+01
-1.427849e+02 0.000000e+00 3.733627e+01 -1.801212e+02
-1.107602e+01 0.000000e+00 3.733627e+01 -4.841229e+01
1.027653e+02 0.000000e+00 3.539154e+01 6.737374e+01
-1.871013e+02 0.000000e+00 3.811235e+01 -2.252136e+02
3.927744e+02 0.000000e+00 3.539154e+01 3.573828e+02
2.777808e+00 0.000000e+00 3.539154e+01 -3.261373e+01
1.045282e+02 0.000000e+00 3.733627e+01 6.719195e+01
7.528265e+01 0.000000e+00 3.811235e+01 3.717030e+01
-6.644519e+01 0.000000e+00 3.733627e+01 -1.037815e+02
5.262936e+01 0.000000e+00 3.733627e+01 1.529309e+01
-2.833160e+02 0.000000e+00 4.057143e+01 -3.238874e+02
-1.269208e+02 0.000000e+00 4.057143e+01 -1.674922e+02
2.178504e+01 0.000000e+00 4.057143e+01 -1.878639e+01
1.908853e-02 0.000000e+00 3.862669e+01 -3.860760e+01
-1.921298e+02 0.000000e+00 4.057143e+01 -2.327012e+02
1.524845e+02 0.000000e+00 4.057143e+01 1.119131e+02
-2.047073e+02 0.000000e+00 4.057143e+01 -2.452787e+02
-5.419627e+01 0.000000e+00 3.862669e+01 -9.282296e+01
2.602160e+02 0.000000e+00 4.057143e+01 2.196446e+02
6.387613e+01 0.000000e+00 4.057143e+01 2.330470e+01
1.956945e+02 0.000000e+00 3.862669e+01 1.570678e+02
1.093514e+03 0.000000e+00 3.862669e+01 1.054887e+03
2.969797e+02 0.000000e+00 3.862669e+01 2.583530e+02
-1.405347e+02 0.000000e+00 3.862669e+01 -1.791614e+02
-1.348901e+01 0.000000e+00 3.862669e+01 -5.211570e+01
-4.909598e+01 0.000000e+00 -1.650667e+00 -4.744531e+01
-1.366118e+00 0.000000e+00 -3.595400e+00 2.229282e+00
1.857937e+00 0.000000e+00 -1.650667e+00 3.508604e+00
2.285844e+02 0.000000e+00 -1.650667e+00 2.302350e+02
2.125960e+01 0.000000e+00 -3.595400e+00 2.485500e+01
4.554970e+01 0.000000e+00 -3.595400e+00 4.914510e+01
-1.231723e+00 0.000000e+00 1.070147e+00 -2.301870e+00
-9.091919e+00 0.000000e+00 -1.650667e+00 -7.441252e+00
1.692239e+01 0.000000e+00 1.070147e+00 1.585224e+01
1.395127e+01 0.000000e+00 -1.650667e+00 1.560193e+01
-5.491721e+01 0.000000e+00 -1.650667e+00 -5.326655e+01
-1.220246e+01 0.000000e+00 -1.650667e+00 -1.055179e+01
-3.045458e+00 0.000000e+00 -3.595400e+00 5.499423e-01
-6.289866e+00 0.000000e+00 -8.745862e-01 -5.415280e+00
4.446454e+01 0.000000e+00 -3.595400e+00 4.805994e+01
1.089773e-01 0.000000e+00 -3.595400e+00 3.704378e+00
-7.775219e+00 0.000000e+00 -1.650667e+00 -6.124552e+00
1.581207e+01 0.000000e+00 -8.745862e-01 1.668665e+01
-1.106462e+01 0.000000e+00 -1.650667e+00 -9.413953e+00
-1.474306e+01 0.000000e+00 -1.650667e+00 -1.309239e+01
-3.281459e+01 0.000000e+00 1.584488e+00 -3.439908e+01
-7.766673e+00 0.000000e+00 1.584488e+00 -9.351161e+00
-1.032691e+01 0.000000e+00 1.584488e+00 -1.191140e+01
5.713223e+00 0.000000e+00 -3.602455e-01 6.073468e+00
-3.043666e+01 0.000000e+00 1.584488e+00 -3.202115e+01
3.489747e+01 0.000000e+00 1.584488e+00 3.331298e+01
-8.009550e+01 0.000000e+00 1.584488e+00 -8.167999e+01
-7.331213e+00 0.000000e+00 -3.602455e-01 -6.970967e+00
8.567508e+01 0.000000e+00 1.584488e+00 8.409059e+01
3.013931e+01 0.000000e+00 1.584488e+00 2.855482e+01
2.818680e+01 0.000000e+00 -3.602455e-01 2.854704e+01
1.084896e+02 0.000000e+00 -3.602455e-01 1.088498e+02
4.597883e+01 0.000000e+00 -3.602455e-01 4.633908e+01
-8.569030e+00 0.000000e+00 -3.602455e-01 -8.208784e+00
3.204524e+01 0.000000e+00 -3.602455e-01 3.240549e+01
